# 1:iteration 2:time[s], 3:T[GK], 4:rho[g/cm3], 5:Ye 
# 6:R[km], 7:Y_n, 8:Y_p, 9:Y_alpha, 10:Y_lights 
# 11:Y_heavies 12:<Z> 13:<A> 14:entropy [kB/baryon] (15:Sn [MeV])
       0  0.0000000000000000E+00   5.0000000000000000E+00   1.0000000000000000E+09   4.3076923076923079E-01   5.0000000000000000E+01   1.0000000000000000E-99   0.0000000000000000E+00   0.0000000000000000E+00   1.0000000000000000E-99   0.0000000000000000E+00   2.8000000000000000E+01   6.5000000000000000E+01   7.4340767978504263E-01
       1  9.9999999999999998E-13   5.0000000000000000E+00   1.0000000000000000E+09   4.3076923076923085E-01   5.0000000000000000E+01   2.6810008501380650E-04   0.0000000000000000E+00   0.0000000000000000E+00   1.0000000000000000E-99   0.0000000000000000E+00   2.7520415330173734E+01   6.3886678445046172E+01   7.4751912529067299E-01
       2  2.0000000000000000E-12   5.0000000000000000E+00   1.0000000000000000E+09   4.3076923076923079E-01   5.0000000000000000E+01   4.1884970533798794E-04   0.0000000000000000E+00   0.0000000000000000E+00   1.0000000000000000E-99   0.0000000000000000E+00   2.7257897449533438E+01   6.3277261936416920E+01   7.4982616469446350E-01
       3  3.0000000000000001E-12   5.0000000000000000E+00   1.0000000000000000E+09   4.3076923076923079E-01   5.0000000000000000E+01   4.7446687525425324E-04   0.0000000000000000E+00   0.0000000000000000E+00   1.0000000000000000E-99   0.0000000000000000E+00   2.7162305088691284E+01   6.3055351098747622E+01   7.5067645642222636E-01
       4  3.1243405468274533E-12   5.0000000000000000E+00   1.0000000000000000E+09   4.3076923076923079E-01   5.0000000000000000E+01   4.7576836142250954E-04   0.0000000000000000E+00   0.0000000000000000E+00   1.0000000000000000E-99   0.0000000000000000E+00   2.7160076178916032E+01   6.3050176843912212E+01   7.5069634838878929E-01
       5  3.2486810936549064E-12   5.0000000000000000E+00   1.0000000000000000E+09   4.3076923076923079E-01   5.0000000000000000E+01   4.7654517113603084E-04   0.0000000000000000E+00   0.0000000000000000E+00   1.0000000000000000E-99   0.0000000000000000E+00   2.7158745998131238E+01   6.3047088924233222E+01   7.5070822105888801E-01
       6  3.3730216404823595E-12   5.0000000000000000E+00   1.0000000000000000E+09   4.3076923076923079E-01   5.0000000000000000E+01   4.7706557689368727E-04   0.0000000000000000E+00   0.0000000000000000E+00   1.0000000000000000E-99   0.0000000000000000E+00   2.7157854947061526E+01   6.3045020412821408E+01   7.5071617483007003E-01
       7  3.4611821026508186E-12   5.0000000000000000E+00   1.0000000000000000E+09   4.3076923076923085E-01   5.0000000000000000E+01   4.7736824660105651E-04   0.0000000000000000E+00   0.0000000000000000E+00   1.0000000000000000E-99   0.0000000000000000E+00   2.7157336735707847E+01   6.3043817422178932E+01   7.5072080075105407E-01
       8  3.5493425648192777E-12   5.0000000000000000E+00   1.0000000000000000E+09   4.3076923076923085E-01   5.0000000000000000E+01   4.7763816485558622E-04   0.0000000000000000E+00   0.0000000000000000E+00   1.0000000000000000E-99   0.0000000000000000E+00   2.7156874615939902E+01   6.3042744644146190E+01   7.5072492609625219E-01
       9  3.6375030269877368E-12   5.0000000000000000E+00   1.0000000000000000E+09   4.3076923076923079E-01   5.0000000000000000E+01   4.7787813146522943E-04   0.0000000000000000E+00   0.0000000000000000E+00   1.0000000000000000E-99   0.0000000000000000E+00   2.7156463788781895E+01   6.3041790938243693E+01   7.5072859366084843E-01
      10  3.9094021039917215E-12   5.0000000000000000E+00   1.0000000000000000E+09   4.3076923076923079E-01   5.0000000000000000E+01   4.7845034181208076E-04   0.0000000000000000E+00   0.0000000000000000E+00   1.0000000000000000E-99   0.0000000000000000E+00   2.7155484204517929E+01   6.3039516903345188E+01   7.5073733908624452E-01
      11  4.1813011809957058E-12   5.0000000000000000E+00   1.0000000000000000E+09   4.3076923076923079E-01   5.0000000000000000E+01   4.7882748650225973E-04   0.0000000000000000E+00   0.0000000000000000E+00   1.0000000000000000E-99   0.0000000000000000E+00   2.7154838597712384E+01   6.3038018173260888E+01   7.5074310318238480E-01
      12  4.4398241619070766E-12   5.0000000000000000E+00   1.0000000000000000E+09   4.3076923076923074E-01   5.0000000000000000E+01   4.7905096103356936E-04   0.0000000000000000E+00   0.0000000000000000E+00   1.0000000000000000E-99   0.0000000000000000E+00   2.7154456062257076E+01   6.3037130144525356E+01   7.5074651864848141E-01
      13  4.6983471428184474E-12   5.0000000000000000E+00   1.0000000000000000E+09   4.3076923076923074E-01   5.0000000000000000E+01   4.7919083679883085E-04   0.0000000000000000E+00   0.0000000000000000E+00   1.0000000000000000E-99   0.0000000000000000E+00   2.7154216633568339E+01   6.3036574327926495E+01   7.5074865643162558E-01
      14  4.9568701237298183E-12   5.0000000000000000E+00   1.0000000000000000E+09   4.3076923076923079E-01   5.0000000000000000E+01   4.7928077786413986E-04   0.0000000000000000E+00   0.0000000000000000E+00   1.0000000000000000E-99   0.0000000000000000E+00   2.7154062681528647E+01   6.3036216939262928E+01   7.5075003103913474E-01
      15  5.3052431641617670E-12   5.0000000000000000E+00   1.0000000000000000E+09   4.3076923076923074E-01   5.0000000000000000E+01   4.7936133710273004E-04   0.0000000000000000E+00   0.0000000000000000E+00   1.0000000000000000E-99   0.0000000000000000E+00   2.7153924789835244E+01   6.3035896833546097E+01   7.5075126225917677E-01
      16  5.6536162045937157E-12   5.0000000000000000E+00   1.0000000000000000E+09   4.3076923076923068E-01   5.0000000000000000E+01   4.7940857546268094E-04   0.0000000000000000E+00   0.0000000000000000E+00   1.0000000000000000E-99   0.0000000000000000E+00   2.7153843933497875E+01   6.3035709131334372E+01   7.5075198422204659E-01
      17  6.2258056619277243E-12   5.0000000000000000E+00   1.0000000000000000E+09   4.3076923076923068E-01   5.0000000000000000E+01   4.7943464146971132E-04   0.0000000000000000E+00   0.0000000000000000E+00   1.0000000000000000E-99   0.0000000000000000E+00   2.7153799317382465E+01   6.3035605558209291E+01   7.5075238259918220E-01
      18  6.7979951192617329E-12   5.0000000000000000E+00   1.0000000000000000E+09   4.3076923076923068E-01   5.0000000000000000E+01   4.7945075277994642E-04   0.0000000000000000E+00   0.0000000000000000E+00   1.0000000000000000E-99   0.0000000000000000E+00   2.7153771740386691E+01   6.3035541540183388E+01   7.5075262883468319E-01
      19  7.3701845765957415E-12   5.0000000000000000E+00   1.0000000000000000E+09   4.3076923076923068E-01   5.0000000000000000E+01   4.7945866006345668E-04   0.0000000000000000E+00   0.0000000000000000E+00   1.0000000000000000E-99   0.0000000000000000E+00   2.7153758205870211E+01   6.3035510120770134E+01   7.5075274968479810E-01
      20  9.2642829804391539E-12   5.0000000000000000E+00   1.0000000000000000E+09   4.3076923076923068E-01   5.0000000000000000E+01   4.7946175647484304E-04   0.0000000000000000E+00   0.0000000000000000E+00   1.0000000000000000E-99   0.0000000000000000E+00   2.7153752905895605E+01   6.3035497817257649E+01   7.5075279700846465E-01
      21  1.1158381384282566E-11   5.0000000000000000E+00   1.0000000000000000E+09   4.3076923076923063E-01   5.0000000000000000E+01   4.7946277322663609E-04   0.0000000000000000E+00   0.0000000000000000E+00   1.0000000000000000E-99   0.0000000000000000E+00   2.7153751165572167E+01   6.3035493777221099E+01   7.5075281254787984E-01
      22  1.3052479788125979E-11   5.0000000000000000E+00   1.0000000000000000E+09   4.3076923076923068E-01   5.0000000000000000E+01   4.7946287946297640E-04   0.0000000000000000E+00   0.0000000000000000E+00   1.0000000000000000E-99   0.0000000000000000E+00   2.7153750983732728E+01   6.3035493355093834E+01   7.5075281417153117E-01
      23  3.1873233361203363E-11   5.0000000000000000E+00   1.0000000000000000E+09   4.3076923076923057E-01   5.0000000000000000E+01   4.7946276931766209E-04   0.0000000000000000E+00   0.0000000000000000E+00   1.0000000000000000E-99   0.0000000000000000E+00   2.7153751172262965E+01   6.3035493792753314E+01   7.5075281248813786E-01
      24  5.0693986934280748E-11   5.0000000000000000E+00   1.0000000000000000E+09   4.3076923076923063E-01   5.0000000000000000E+01   4.7946276415238584E-04   0.0000000000000000E+00   0.0000000000000000E+00   1.0000000000000000E-99   0.0000000000000000E+00   2.7153751181104109E+01   6.3035493813277398E+01   7.5075281240919445E-01
      25  6.9514740507358128E-11   5.0000000000000000E+00   1.0000000000000000E+09   4.3076923076923063E-01   5.0000000000000000E+01   4.7946276555117800E-04   0.0000000000000000E+00   0.0000000000000000E+00   1.0000000000000000E-99   0.0000000000000000E+00   2.7153751178709864E+01   6.3035493807719334E+01   7.5075281243057324E-01
      26  2.5772227623813197E-10   5.0000000000000000E+00   1.0000000000000000E+09   4.3076923076923063E-01   5.0000000000000000E+01   4.7946276570420745E-04   0.0000000000000000E+00   0.0000000000000000E+00   1.0000000000000000E-99   0.0000000000000000E+00   2.7153751178447937E+01   6.3035493807111273E+01   7.5075281243291203E-01
      27  4.4592981196890582E-10   5.0000000000000000E+00   1.0000000000000000E+09   4.3076923076923057E-01   5.0000000000000000E+01   4.7946276570495441E-04   0.0000000000000000E+00   0.0000000000000000E+00   1.0000000000000000E-99   0.0000000000000000E+00   2.7153751178446655E+01   6.3035493807108317E+01   7.5075281243292291E-01
      28  6.3413734769967961E-10   5.0000000000000000E+00   1.0000000000000000E+09   4.3076923076923063E-01   5.0000000000000000E+01   4.7946276570470960E-04   0.0000000000000000E+00   0.0000000000000000E+00   1.0000000000000000E-99   0.0000000000000000E+00   2.7153751178447081E+01   6.3035493807109283E+01   7.5075281243291969E-01
      29  2.5162127050074180E-09   5.0000000000000000E+00   1.0000000000000000E+09   4.3076923076923057E-01   5.0000000000000000E+01   4.7946276570470716E-04   0.0000000000000000E+00   0.0000000000000000E+00   1.0000000000000000E-99   0.0000000000000000E+00   2.7153751178447077E+01   6.3035493807109283E+01   7.5075281243291925E-01
      30  4.3982880623151567E-09   5.0000000000000000E+00   1.0000000000000000E+09   4.3076923076923057E-01   5.0000000000000000E+01   4.7946276570470716E-04   0.0000000000000000E+00   0.0000000000000000E+00   1.0000000000000000E-99   0.0000000000000000E+00   2.7153751178447077E+01   6.3035493807109283E+01   7.5075281243291925E-01
      31  6.2803634196228953E-09   5.0000000000000000E+00   1.0000000000000000E+09   4.3076923076923063E-01   5.0000000000000000E+01   4.7946276570470716E-04   0.0000000000000000E+00   0.0000000000000000E+00   1.0000000000000000E-99   0.0000000000000000E+00   2.7153751178447081E+01   6.3035493807109290E+01   7.5075281243291925E-01
      32  2.5101116992700282E-08   5.0000000000000000E+00   1.0000000000000000E+09   4.3076923076923063E-01   5.0000000000000000E+01   4.7946276570470716E-04   0.0000000000000000E+00   0.0000000000000000E+00   1.0000000000000000E-99   0.0000000000000000E+00   2.7153751178447081E+01   6.3035493807109290E+01   7.5075281243291925E-01
      33  4.3921870565777668E-08   5.0000000000000000E+00   1.0000000000000000E+09   4.3076923076923063E-01   5.0000000000000000E+01   4.7946276570470716E-04   0.0000000000000000E+00   0.0000000000000000E+00   1.0000000000000000E-99   0.0000000000000000E+00   2.7153751178447081E+01   6.3035493807109290E+01   7.5075281243291925E-01
      34  6.2742624138855058E-08   5.0000000000000000E+00   1.0000000000000000E+09   4.3076923076923063E-01   5.0000000000000000E+01   4.7946276570470716E-04   0.0000000000000000E+00   0.0000000000000000E+00   1.0000000000000000E-99   0.0000000000000000E+00   2.7153751178447081E+01   6.3035493807109290E+01   7.5075281243291925E-01
      35  2.5095015986962893E-07   5.0000000000000000E+00   1.0000000000000000E+09   4.3076923076923063E-01   5.0000000000000000E+01   4.7946276570470716E-04   0.0000000000000000E+00   0.0000000000000000E+00   1.0000000000000000E-99   0.0000000000000000E+00   2.7153751178447081E+01   6.3035493807109290E+01   7.5075281243291925E-01
      36  4.3915769560040281E-07   5.0000000000000000E+00   1.0000000000000000E+09   4.3076923076923063E-01   5.0000000000000000E+01   4.7946276570470716E-04   0.0000000000000000E+00   0.0000000000000000E+00   1.0000000000000000E-99   0.0000000000000000E+00   2.7153751178447081E+01   6.3035493807109290E+01   7.5075281243291925E-01
      37  6.2736523133117664E-07   5.0000000000000000E+00   1.0000000000000000E+09   4.3076923076923063E-01   5.0000000000000000E+01   4.7946276570470716E-04   0.0000000000000000E+00   0.0000000000000000E+00   1.0000000000000000E-99   0.0000000000000000E+00   2.7153751178447081E+01   6.3035493807109290E+01   7.5075281243291925E-01
      38  2.5094405886389152E-06   5.0000000000000000E+00   1.0000000000000000E+09   4.3076923076923063E-01   5.0000000000000000E+01   4.7946276570470716E-04   0.0000000000000000E+00   0.0000000000000000E+00   1.0000000000000000E-99   0.0000000000000000E+00   2.7153751178447081E+01   6.3035493807109290E+01   7.5075281243291925E-01
      39  4.3915159459466541E-06   5.0000000000000000E+00   1.0000000000000000E+09   4.3076923076923063E-01   5.0000000000000000E+01   4.7946276570470716E-04   0.0000000000000000E+00   0.0000000000000000E+00   1.0000000000000000E-99   0.0000000000000000E+00   2.7153751178447081E+01   6.3035493807109290E+01   7.5075281243291925E-01
      40  6.2735913032543926E-06   5.0000000000000000E+00   1.0000000000000000E+09   4.3076923076923063E-01   5.0000000000000000E+01   4.7946276570470716E-04   0.0000000000000000E+00   0.0000000000000000E+00   1.0000000000000000E-99   0.0000000000000000E+00   2.7153751178447081E+01   6.3035493807109290E+01   7.5075281243291925E-01
      41  2.5094344876331778E-05   5.0000000000000000E+00   1.0000000000000000E+09   4.3076923076923063E-01   5.0000000000000000E+01   4.7946276570470716E-04   0.0000000000000000E+00   0.0000000000000000E+00   1.0000000000000000E-99   0.0000000000000000E+00   2.7153751178447081E+01   6.3035493807109290E+01   7.5075281243291925E-01
      42  4.3915098449409163E-05   5.0000000000000000E+00   1.0000000000000000E+09   4.3076923076923063E-01   5.0000000000000000E+01   4.7946276570470716E-04   0.0000000000000000E+00   0.0000000000000000E+00   1.0000000000000000E-99   0.0000000000000000E+00   2.7153751178447081E+01   6.3035493807109290E+01   7.5075281243291925E-01
      43  6.2735852022486542E-05   5.0000000000000000E+00   1.0000000000000000E+09   4.3076923076923063E-01   5.0000000000000000E+01   4.7946276570470716E-04   0.0000000000000000E+00   0.0000000000000000E+00   1.0000000000000000E-99   0.0000000000000000E+00   2.7153751178447081E+01   6.3035493807109290E+01   7.5075281243291925E-01
      44  2.5094338775326038E-04   5.0000000000000000E+00   1.0000000000000000E+09   4.3076923076923063E-01   5.0000000000000000E+01   4.7946276570470716E-04   0.0000000000000000E+00   0.0000000000000000E+00   1.0000000000000000E-99   0.0000000000000000E+00   2.7153751178447081E+01   6.3035493807109290E+01   7.5075281243291925E-01
      45  4.3915092348403422E-04   5.0000000000000000E+00   1.0000000000000000E+09   4.3076923076923063E-01   5.0000000000000000E+01   4.7946276570470716E-04   0.0000000000000000E+00   0.0000000000000000E+00   1.0000000000000000E-99   0.0000000000000000E+00   2.7153751178447081E+01   6.3035493807109290E+01   7.5075281243291925E-01
      46  6.2735845921480806E-04   5.0000000000000000E+00   1.0000000000000000E+09   4.3076923076923063E-01   5.0000000000000000E+01   4.7946276570470716E-04   0.0000000000000000E+00   0.0000000000000000E+00   1.0000000000000000E-99   0.0000000000000000E+00   2.7153751178447081E+01   6.3035493807109290E+01   7.5075281243291925E-01
      47  2.5094338165225468E-03   5.0000000000000000E+00   1.0000000000000000E+09   4.3076923076923063E-01   5.0000000000000000E+01   4.7946276570470716E-04   0.0000000000000000E+00   0.0000000000000000E+00   1.0000000000000000E-99   0.0000000000000000E+00   2.7153751178447081E+01   6.3035493807109290E+01   7.5075281243291925E-01
      48  4.3915091738302853E-03   5.0000000000000000E+00   1.0000000000000000E+09   4.3076923076923063E-01   5.0000000000000000E+01   4.7946276570470716E-04   0.0000000000000000E+00   0.0000000000000000E+00   1.0000000000000000E-99   0.0000000000000000E+00   2.7153751178447081E+01   6.3035493807109290E+01   7.5075281243291925E-01
      49  6.2735845311380238E-03   5.0000000000000000E+00   1.0000000000000000E+09   4.3076923076923063E-01   5.0000000000000000E+01   4.7946276570470716E-04   0.0000000000000000E+00   0.0000000000000000E+00   1.0000000000000000E-99   0.0000000000000000E+00   2.7153751178447081E+01   6.3035493807109290E+01   7.5075281243291925E-01
      50  2.5094338104215411E-02   5.0000000000000000E+00   1.0000000000000000E+09   4.3076923076923063E-01   5.0000000000000000E+01   4.7946276570470716E-04   0.0000000000000000E+00   0.0000000000000000E+00   1.0000000000000000E-99   0.0000000000000000E+00   2.7153751178447081E+01   6.3035493807109290E+01   7.5075281243291925E-01
      51  4.3915091677292795E-02   5.0000000000000000E+00   1.0000000000000000E+09   4.3076923076923063E-01   5.0000000000000000E+01   4.7946276570470716E-04   0.0000000000000000E+00   0.0000000000000000E+00   1.0000000000000000E-99   0.0000000000000000E+00   2.7153751178447081E+01   6.3035493807109290E+01   7.5075281243291925E-01
      52  6.2735845250370181E-02   5.0000000000000000E+00   1.0000000000000000E+09   4.3076923076923063E-01   5.0000000000000000E+01   4.7946276570470716E-04   0.0000000000000000E+00   0.0000000000000000E+00   1.0000000000000000E-99   0.0000000000000000E+00   2.7153751178447081E+01   6.3035493807109290E+01   7.5075281243291925E-01
      53  2.5094338098114405E-01   5.0000000000000000E+00   1.0000000000000000E+09   4.3076923076923063E-01   5.0000000000000000E+01   4.7946276570470721E-04   0.0000000000000000E+00   0.0000000000000000E+00   1.0000000000000000E-99   0.0000000000000000E+00   2.7153751178447081E+01   6.3035493807109290E+01   7.5075281243291925E-01
      54  4.3915091671191792E-01   5.0000000000000000E+00   1.0000000000000000E+09   4.3076923076923063E-01   5.0000000000000000E+01   4.7946276570470716E-04   0.0000000000000000E+00   0.0000000000000000E+00   1.0000000000000000E-99   0.0000000000000000E+00   2.7153751178447081E+01   6.3035493807109290E+01   7.5075281243291925E-01
      55  6.2735845244269184E-01   5.0000000000000000E+00   1.0000000000000000E+09   4.3076923076923063E-01   5.0000000000000000E+01   4.7946276570470721E-04   0.0000000000000000E+00   0.0000000000000000E+00   1.0000000000000000E-99   0.0000000000000000E+00   2.7153751178447081E+01   6.3035493807109290E+01   7.5075281243291925E-01
      56  2.5094338097504307E+00   5.0000000000000000E+00   1.0000000000000000E+09   4.3076923076923063E-01   5.0000000000000000E+01   4.7946276570470716E-04   0.0000000000000000E+00   0.0000000000000000E+00   1.0000000000000000E-99   0.0000000000000000E+00   2.7153751178447081E+01   6.3035493807109290E+01   7.5075281243291925E-01
      57  4.3915091670581692E+00   5.0000000000000000E+00   1.0000000000000000E+09   4.3076923076923063E-01   5.0000000000000000E+01   4.7946276570470716E-04   0.0000000000000000E+00   0.0000000000000000E+00   1.0000000000000000E-99   0.0000000000000000E+00   2.7153751178447081E+01   6.3035493807109290E+01   7.5075281243291925E-01
      58  6.2735845243659076E+00   5.0000000000000000E+00   1.0000000000000000E+09   4.3076923076923063E-01   5.0000000000000000E+01   4.7946276570470716E-04   0.0000000000000000E+00   0.0000000000000000E+00   1.0000000000000000E-99   0.0000000000000000E+00   2.7153751178447081E+01   6.3035493807109290E+01   7.5075281243291925E-01
      59  2.5094338097443295E+01   5.0000000000000000E+00   1.0000000000000000E+09   4.3076923076923063E-01   5.0000000000000000E+01   4.7946276570470721E-04   0.0000000000000000E+00   0.0000000000000000E+00   1.0000000000000000E-99   0.0000000000000000E+00   2.7153751178447081E+01   6.3035493807109290E+01   7.5075281243291925E-01
      60  4.3915091670520681E+01   5.0000000000000000E+00   1.0000000000000000E+09   4.3076923076923063E-01   5.0000000000000000E+01   4.7946276570470716E-04   0.0000000000000000E+00   0.0000000000000000E+00   1.0000000000000000E-99   0.0000000000000000E+00   2.7153751178447081E+01   6.3035493807109290E+01   7.5075281243291925E-01
      61  6.2735845243598064E+01   5.0000000000000000E+00   1.0000000000000000E+09   4.3076923076923063E-01   5.0000000000000000E+01   4.7946276570470716E-04   0.0000000000000000E+00   0.0000000000000000E+00   1.0000000000000000E-99   0.0000000000000000E+00   2.7153751178447081E+01   6.3035493807109290E+01   7.5075281243291925E-01
      62  2.5094338097437191E+02   5.0000000000000000E+00   1.0000000000000000E+09   4.3076923076923063E-01   5.0000000000000000E+01   4.7946276570470737E-04   0.0000000000000000E+00   0.0000000000000000E+00   1.0000000000000000E-99   0.0000000000000000E+00   2.7153751178447081E+01   6.3035493807109290E+01   7.5075281243291925E-01
      63  4.3915091670514573E+02   5.0000000000000000E+00   1.0000000000000000E+09   4.3076923076923057E-01   5.0000000000000000E+01   4.7946276570470743E-04   0.0000000000000000E+00   0.0000000000000000E+00   1.0000000000000000E-99   0.0000000000000000E+00   2.7153751178447077E+01   6.3035493807109290E+01   7.5075281243291969E-01
      64  6.2735845243591962E+02   5.0000000000000000E+00   1.0000000000000000E+09   4.3076923076923057E-01   5.0000000000000000E+01   4.7946276570470743E-04   0.0000000000000000E+00   0.0000000000000000E+00   1.0000000000000000E-99   0.0000000000000000E+00   2.7153751178447077E+01   6.3035493807109290E+01   7.5075281243291969E-01
      65  2.5094338097436585E+03   5.0000000000000000E+00   1.0000000000000000E+09   4.3076923076923057E-01   5.0000000000000000E+01   4.7946276570470748E-04   0.0000000000000000E+00   0.0000000000000000E+00   1.0000000000000000E-99   0.0000000000000000E+00   2.7153751178447077E+01   6.3035493807109290E+01   7.5075281243291969E-01
      66  4.3915091670513975E+03   5.0000000000000000E+00   1.0000000000000000E+09   4.3076923076923057E-01   5.0000000000000000E+01   4.7946276570470748E-04   0.0000000000000000E+00   0.0000000000000000E+00   1.0000000000000000E-99   0.0000000000000000E+00   2.7153751178447077E+01   6.3035493807109290E+01   7.5075281243291969E-01
      67  6.2735845243591357E+03   5.0000000000000000E+00   1.0000000000000000E+09   4.3076923076923057E-01   5.0000000000000000E+01   4.7946276570470754E-04   0.0000000000000000E+00   0.0000000000000000E+00   1.0000000000000000E-99   0.0000000000000000E+00   2.7153751178447077E+01   6.3035493807109290E+01   7.5075281243291969E-01
      68  2.5094338097436521E+04   5.0000000000000000E+00   1.0000000000000000E+09   4.3076923076923074E-01   5.0000000000000000E+01   4.7946276570470824E-04   0.0000000000000000E+00   0.0000000000000000E+00   1.0000000000000000E-99   0.0000000000000000E+00   2.7153751178447074E+01   6.3035493807109290E+01   7.5075281243292014E-01
      69  4.3915091670513910E+04   5.0000000000000000E+00   1.0000000000000000E+09   4.3076923076923085E-01   5.0000000000000000E+01   4.7946276570471014E-04   0.0000000000000000E+00   0.0000000000000000E+00   1.0000000000000000E-99   0.0000000000000000E+00   2.7153751178447077E+01   6.3035493807109290E+01   7.5075281243292014E-01
      70  2.3212262740128775E+05   5.0000000000000000E+00   1.0000000000000000E+09   4.3076923076923246E-01   5.0000000000000000E+01   4.7946276570473513E-04   0.0000000000000000E+00   0.0000000000000000E+00   1.0000000000000000E-99   0.0000000000000000E+00   2.7153751178447035E+01   6.3035493807109191E+01   7.5075281243292091E-01
      71  4.2033016313206160E+05   5.0000000000000000E+00   1.0000000000000000E+09   4.3076923076923396E-01   5.0000000000000000E+01   4.7946276570476007E-04   0.0000000000000000E+00   0.0000000000000000E+00   1.0000000000000000E-99   0.0000000000000000E+00   2.7153751178446992E+01   6.3035493807109098E+01   7.5075281243292358E-01
      72  6.0853769886283542E+05   5.0000000000000000E+00   1.0000000000000000E+09   4.3076923076923523E-01   5.0000000000000000E+01   4.7946276570478489E-04   0.0000000000000000E+00   0.0000000000000000E+00   1.0000000000000000E-99   0.0000000000000000E+00   2.7153751178446957E+01   6.3035493807109020E+01   7.5075281243292324E-01
      73  1.0000000000000000E+06   5.0000000000000000E+00   1.0000000000000000E+09   4.3076923076923807E-01   5.0000000000000000E+01   4.7946276570483650E-04   0.0000000000000000E+00   0.0000000000000000E+00   1.0000000000000000E-99   0.0000000000000000E+00   2.7153751178446871E+01   6.3035493807108821E+01   7.5075281243292646E-01
      73  1.0000000000000000E+06   5.0000000000000000E+00   1.0000000000000000E+09   4.3076923076923807E-01   5.0000000000000000E+01   4.7946276570483650E-04   0.0000000000000000E+00   0.0000000000000000E+00   1.0000000000000000E-99   0.0000000000000000E+00   2.7153751178446871E+01   6.3035493807108821E+01   7.5075281243292646E-01
