  1   1 7.057e-01
  1   2 4.801e-05
  2   3 2.929e-05
  2   4 2.752e-01
  3   6 6.496e-10
  3   7 9.349e-09
  4   9 1.662e-10
  5  10 1.067e-09
  5  11 4.730e-09
  6  12 3.032e-03
  6  13 3.650e-05
  7  14 1.105e-03
  7  15 4.363e-06
  8  16 9.592e-03
  8  17 3.887e-06
  8  18 2.167e-05
  9  19 4.051e-07
 10  20 1.619e-03
 10  21 4.127e-06
 10  22 1.302e-04
 11  23 3.339e-05
 12  24 5.148e-04
 12  25 6.766e-05
 12  26 7.760e-05
 13  27 5.805e-05
 14  28 6.530e-04
 14  29 3.426e-05
 14  30 2.352e-05
 15  31 8.155e-06
 16  32 3.958e-04
 16  33 3.222e-06
 16  34 1.866e-05
 16  36 9.379e-08
 17  35 2.532e-06
 17  37 8.545e-07
 18  36 7.740e-05
 18  38 1.538e-05
 18  40 2.529e-08
 19  39 3.472e-06
 19  40 5.545e-09
 19  41 2.634e-07
 20  40 5.990e-05
 20  42 4.196e-07
 20  43 8.973e-08
 20  44 1.425e-06
 20  46 2.793e-09
 20  48 1.384e-07
 21  45 3.893e-08
 22  46 2.234e-07
 22  47 2.081e-07
 22  48 2.149e-06
 22  49 1.636e-07
 22  50 1.644e-07
 23  50 9.258e-10
 23  51 3.767e-07
 24  50 7.424e-07
 24  52 1.486e-05
 24  53 1.716e-06
 24  54 4.357e-07
 25  55 1.329e-05
 26  54 7.130e-05
 26  56 1.169e-03
 26  57 2.855e-05
 26  58 3.697e-06
 27  59 3.358e-06
 28  58 4.944e-05
 28  60 1.958e-05
 28  61 8.594e-07
 28  62 2.776e-06
 28  64 7.269e-07
 29  63 5.753e-07
 29  65 2.647e-07
 30  64 9.924e-07
 30  66 5.877e-07
 30  67 8.762e-08
 30  68 4.059e-07
 30  70 1.339e-08
 31  69 3.962e-08
 31  71 2.630e-08
 32  70 4.320e-08
 32  72 5.940e-08
 32  73 1.710e-08
 32  74 8.120e-08
 32  76 1.780e-08
 33  75 1.240e-08
 34  74 1.030e-09
 34  76 1.080e-08
 34  77 9.150e-09
 34  78 2.900e-08
 34  80 6.250e-08
 34  82 1.180e-08
 35  79 1.190e-08
 35  81 1.190e-08
 36  78 3.020e-10
 36  80 2.020e-09
 36  82 1.070e-08
 36  83 1.080e-08
 36  84 5.460e-08
 36  86 1.710e-08
 37  85 1.100e-08
 37  87 4.640e-09
 38  84 2.800e-10
 38  86 5.050e-09
 38  87 3.320e-09
 38  88 4.320e-08
 39  89 1.040e-08
 40  90 1.340e-08
 40  91 2.950e-09
 40  92 4.560e-09
 40  94 4.710e-09
 40  96 7.770e-10
 41  93 1.640e-09
 42  92 8.800e-10
 42  94 5.610e-10
 42  95 9.760e-10
 42  96 1.030e-09
 42  97 5.990e-10
 42  98 1.520e-09
 42 100 6.220e-10
 44  96 2.500e-10
 44  98 8.680e-11
 44  99 5.910e-10
 44 100 5.920e-10
 44 101 8.070e-10
 44 102 1.520e-09
 44 104 9.150e-10
 45 103 8.960e-10
 46 102 3.660e-11
 46 104 4.080e-10
 46 105 8.230e-10
 46 106 1.020e-09
 46 108 1.010e-09
 46 110 4.540e-10
 47 107 6.820e-10
 47 109 6.450e-10
 48 106 5.390e-11
 48 108 3.910e-11
 48 110 5.590e-10
 48 111 5.780e-10
 48 112 1.100e-09
 48 113 5.630e-10
 48 114 1.340e-09
 48 116 3.550e-10
 49 113 2.260e-11
 49 115 5.120e-10
 50 112 1.050e-10
 50 114 7.180e-11
 50 115 3.750e-11
 50 116 1.630e-09
 50 117 8.670e-10
 50 118 2.760e-09
 50 119 9.870e-10
 50 120 3.790e-09
 50 122 5.460e-10
 50 124 6.930e-10
 51 121 5.420e-10
 51 123 4.110e-10
 52 120 1.310e-11
 52 122 3.830e-10
 52 123 1.330e-10
 52 124 7.180e-10
 52 125 1.080e-09
 52 126 2.900e-09
 52 128 4.950e-09
 52 130 5.360e-09
 53 127 2.890e-09
 54 124 1.790e-11
 54 126 1.620e-11
 54 128 3.330e-10
 54 129 4.180e-09
 54 130 6.740e-10
 54 131 3.380e-09
 54 132 4.140e-09
 54 134 1.560e-09
 54 136 1.280e-09
 55 133 1.250e-09
 56 130 1.570e-11
 56 132 1.510e-11
 56 134 3.690e-10
 56 135 1.010e-09
 56 136 1.210e-09
 56 137 1.750e-09
 56 138 1.120e-08
 57 138 1.430e-12
 57 139 1.570e-09
 58 136 7.430e-12
 58 138 9.880e-12
 58 140 3.580e-09
 58 142 4.530e-10
 59 141 5.960e-10
 60 142 8.080e-10
 60 143 3.620e-10
 60 144 7.180e-10
 60 145 2.520e-10
 60 146 5.240e-10
 60 148 1.790e-10
 60 150 1.770e-10
 62 144 2.910e-11
 62 147 1.480e-10
 62 148 1.090e-10
 62 149 1.340e-10
 62 150 7.250e-11
 62 152 2.650e-10
 62 154 2.280e-10
 63 151 1.780e-10
 63 153 1.970e-10
 64 152 2.540e-12
 64 154 2.800e-11
 64 155 1.910e-10
 64 156 2.670e-10
 64 157 2.050e-10
 64 158 3.280e-10
 64 160 2.920e-10
 65 159 2.430e-10
 66 156 8.720e-13
 66 158 1.510e-12
 66 160 3.730e-11
 66 161 3.030e-10
 66 162 4.140e-10
 66 163 4.050e-10
 66 164 4.600e-10
 67 165 3.710e-10
 68 162 1.440e-12
 68 164 1.680e-11
 68 166 3.540e-10
 68 167 2.430e-10
 68 168 2.860e-10
 68 170 1.610e-10
 69 169 1.620e-10
 70 168 1.370e-12
 70 170 3.250e-11
 70 171 1.530e-10
 70 172 2.630e-10
 70 173 1.750e-10
 70 174 3.470e-10
 70 176 1.400e-10
 71 175 1.580e-10
 71 176 4.630e-12
 72 174 1.100e-12
 72 176 3.530e-11
 72 177 1.280e-10
 72 178 1.890e-10
 72 179 9.510e-11
 72 180 2.460e-10
 73 180 1.130e-14
 73 181 9.480e-11
 74 180 7.880e-13
 74 182 1.610e-10
 74 183 8.800e-11
 74 184 1.900e-10
 74 186 1.790e-10
 75 185 9.030e-11
 75 187 1.660e-10
 76 184 5.680e-13
 76 186 5.030e-11
 76 187 3.820e-11
 76 188 4.270e-10
 76 189 5.210e-10
 76 190 8.550e-10
 76 192 1.350e-09
 77 191 1.190e-09
 77 193 2.020e-09
 78 190 8.170e-13
 78 192 5.100e-11
 78 194 2.160e-09
 78 195 2.230e-09
 78 196 1.680e-09
 78 198 4.820e-10
 79 197 9.320e-10
 80 196 2.380e-12
 80 198 1.710e-10
 80 199 2.880e-10
 80 200 3.980e-10
 80 201 2.280e-10
 80 202 5.160e-10
 80 204 1.200e-10
 81 203 2.790e-10
 81 205 6.740e-10
 82 204 3.150e-10
 82 206 3.090e-09
 82 207 3.370e-09
 82 208 9.630e-09
 83 209 7.610e-10
