#Solar composition as per Lodders & Palme, 2009M&PSA..72.5154L updated by Caffau et al., 2011SoPh..268..255C
# Atomic number, log(eps)
1    12.000 
2    10.925 
3     1.030 
4     1.380 
5     2.700
6     8.500 
7     7.860 
8     8.760 
9     4.560 
10    8.050 
11    6.300 
12    7.540 
13    6.470 
14    7.520 
15    5.460 
16    7.160
17    5.500 
18    6.500 
19    5.110 
20    6.330 
21    3.100 
22    4.900 
23    4.000 
24    5.640 
25    5.370 
26    7.520 
27    4.920 
28    6.230 
29    4.210 
30    4.620
31    2.880
32    3.580
33    2.320
34    3.360
35    2.560
36    3.280 
37    2.600
38    2.920 
39    2.210 
40    2.620 
41    1.420
42    1.920
44    1.840
45    1.120
46    1.660
47    0.940
48    1.770
49    0.790
50    2.000
51    1.000
52    2.200
53    1.570
54    2.270
55    1.100
56    2.170 
57    1.140 
58    1.610  
59    0.760  
60    1.450
62    1.000 
63    0.520
64    1.110
65    0.280
66    1.130
67    0.510
68    0.960
69    0.140
70    0.860 
71    0.120
72    0.870
73   -0.140
74    1.110
75    0.280 
76    1.360
77    1.380
78    1.740
79    1.010
80    1.190
81    0.950
82    2.000
83    0.670
90    0.080
92   -0.470
