50
7.27156e-03 2.83399e-03
1.68995e-02 1.49201e-02
2.64764e-02 3.66148e-02
3.59521e-02 6.78390e-02
4.52889e-02 1.08473e-01
5.44506e-02 1.58358e-01
6.34017e-02 2.17304e-01
7.21075e-02 2.85080e-01
8.05343e-02 3.61426e-01
8.86496e-02 4.46045e-01
9.64219e-02 5.38610e-01
1.03821e-01 6.38764e-01
1.10819e-01 7.46119e-01
1.17388e-01 8.60259e-01
1.23502e-01 9.80743e-01
1.29139e-01 1.10710e+00
1.34277e-01 1.23885e+00
1.38894e-01 1.37548e+00
1.42975e-01 1.51646e+00
1.46502e-01 1.66125e+00
1.49463e-01 1.80928e+00
1.51845e-01 1.95998e+00
1.53640e-01 2.11277e+00
1.54840e-01 2.26706e+00
1.55442e-01 2.42225e+00
1.55442e-01 2.57775e+00
1.54840e-01 2.73294e+00
1.53640e-01 2.88723e+00
1.51845e-01 3.04002e+00
1.49463e-01 3.19072e+00
1.46502e-01 3.33875e+00
1.42975e-01 3.48354e+00
1.38894e-01 3.62452e+00
1.34277e-01 3.76115e+00
1.29139e-01 3.89290e+00
1.23502e-01 4.01926e+00
1.17388e-01 4.13974e+00
1.10819e-01 4.25388e+00
1.03821e-01 4.36124e+00
9.64219e-02 4.46139e+00
8.86496e-02 4.55396e+00
8.05343e-02 4.63857e+00
7.21075e-02 4.71492e+00
6.34017e-02 4.78270e+00
5.44506e-02 4.84164e+00
4.52889e-02 4.89153e+00
3.59521e-02 4.93216e+00
2.64764e-02 4.96339e+00
1.68995e-02 4.98508e+00
7.27156e-03 4.99717e+00
2.83399e-03 2.83399e-03 -1.39951e+00
2.83399e-03 1.49201e-02 -1.39914e+00
2.83399e-03 3.66148e-02 -1.39720e+00
2.83399e-03 6.78390e-02 -1.39160e+00
2.83399e-03 1.08473e-01 -1.37950e+00
2.83399e-03 1.58358e-01 -1.35778e+00
2.83399e-03 2.17304e-01 -1.32363e+00
2.83399e-03 2.85080e-01 -1.27540e+00
2.83399e-03 3.61426e-01 -1.21306e+00
2.83399e-03 4.46045e-01 -1.13826e+00
2.83399e-03 5.38610e-01 -1.05358e+00
2.83399e-03 6.38764e-01 -9.61468e-01
2.83399e-03 7.46119e-01 -8.63424e-01
2.83399e-03 8.60259e-01 -7.59532e-01
2.83399e-03 9.80743e-01 -6.48552e-01
2.83399e-03 1.10710e+00 -5.28297e-01
2.83399e-03 1.23885e+00 -3.96175e-01
2.83399e-03 1.37548e+00 -2.49889e-01
2.83399e-03 1.51646e+00 -8.83176e-02
2.83399e-03 1.66125e+00 8.73420e-02
2.83399e-03 1.80928e+00 2.72194e-01
2.83399e-03 1.95998e+00 4.56304e-01
2.83399e-03 2.11277e+00 6.24162e-01
2.83399e-03 2.26706e+00 7.56333e-01
2.83399e-03 2.42225e+00 8.34728e-01
2.83399e-03 2.57775e+00 8.50590e-01
2.83399e-03 2.73294e+00 8.09305e-01
2.83399e-03 2.88723e+00 7.25125e-01
2.83399e-03 3.04002e+00 6.11039e-01
2.83399e-03 3.19072e+00 4.78910e-01
2.83399e-03 3.33875e+00 3.46061e-01
2.83399e-03 3.48354e+00 2.30865e-01
2.83399e-03 3.62452e+00 1.43229e-01
2.83399e-03 3.76115e+00 8.32776e-02
2.83399e-03 3.89290e+00 4.56965e-02
2.83399e-03 4.01926e+00 2.38357e-02
2.83399e-03 4.13974e+00 1.19172e-02
2.83399e-03 4.25388e+00 5.76706e-03
2.83399e-03 4.36124e+00 2.73160e-03
2.83399e-03 4.46139e+00 1.28215e-03
2.83399e-03 4.55396e+00 6.04375e-04
2.83399e-03 4.63857e+00 2.90116e-04
2.83399e-03 4.71492e+00 1.43847e-04
2.83399e-03 4.78270e+00 7.47138e-05
2.83399e-03 4.84164e+00 4.12048e-05
2.83399e-03 4.89153e+00 2.44350e-05
2.83399e-03 4.93216e+00 1.57579e-05
2.83399e-03 4.96339e+00 1.11580e-05
2.83399e-03 4.98508e+00 8.74193e-06
2.83399e-03 4.99717e+00 7.61928e-06
1.49201e-02 2.83399e-03 -1.39914e+00
1.49201e-02 1.49201e-02 -1.39877e+00
1.49201e-02 3.66148e-02 -1.39683e+00
1.49201e-02 6.78390e-02 -1.39123e+00
1.49201e-02 1.08473e-01 -1.37915e+00
1.49201e-02 1.58358e-01 -1.35745e+00
1.49201e-02 2.17304e-01 -1.32335e+00
1.49201e-02 2.85080e-01 -1.27516e+00
1.49201e-02 3.61426e-01 -1.21287e+00
1.49201e-02 4.46045e-01 -1.13812e+00
1.49201e-02 5.38610e-01 -1.05347e+00
1.49201e-02 6.38764e-01 -9.61393e-01
1.49201e-02 7.46119e-01 -8.63372e-01
1.49201e-02 8.60259e-01 -7.59497e-01
1.49201e-02 9.80743e-01 -6.48532e-01
1.49201e-02 1.10710e+00 -5.28289e-01
1.49201e-02 1.23885e+00 -3.96179e-01
1.49201e-02 1.37548e+00 -2.49905e-01
1.49201e-02 1.51646e+00 -8.83450e-02
1.49201e-02 1.66125e+00 8.73038e-02
1.49201e-02 1.80928e+00 2.72146e-01
1.49201e-02 1.95998e+00 4.56249e-01
1.49201e-02 2.11277e+00 6.24102e-01
1.49201e-02 2.26706e+00 7.56272e-01
1.49201e-02 2.42225e+00 8.34669e-01
1.49201e-02 2.57775e+00 8.50536e-01
1.49201e-02 2.73294e+00 8.09258e-01
1.49201e-02 2.88723e+00 7.25087e-01
1.49201e-02 3.04002e+00 6.11010e-01
1.49201e-02 3.19072e+00 4.78890e-01
1.49201e-02 3.33875e+00 3.46048e-01
1.49201e-02 3.48354e+00 2.30856e-01
1.49201e-02 3.62452e+00 1.43224e-01
1.49201e-02 3.76115e+00 8.32748e-02
1.49201e-02 3.89290e+00 4.56950e-02
1.49201e-02 4.01926e+00 2.38350e-02
1.49201e-02 4.13974e+00 1.19168e-02
1.49201e-02 4.25388e+00 5.76689e-03
1.49201e-02 4.36124e+00 2.73153e-03
1.49201e-02 4.46139e+00 1.28212e-03
1.49201e-02 4.55396e+00 6.04360e-04
1.49201e-02 4.63857e+00 2.90109e-04
1.49201e-02 4.71492e+00 1.43843e-04
1.49201e-02 4.78270e+00 7.47120e-05
1.49201e-02 4.84164e+00 4.12038e-05
1.49201e-02 4.89153e+00 2.44344e-05
1.49201e-02 4.93216e+00 1.57575e-05
1.49201e-02 4.96339e+00 1.11577e-05
1.49201e-02 4.98508e+00 8.74173e-06
1.49201e-02 4.99717e+00 7.61911e-06
3.66148e-02 2.83399e-03 -1.39720e+00
3.66148e-02 1.49201e-02 -1.39683e+00
3.66148e-02 3.66148e-02 -1.39491e+00
3.66148e-02 6.78390e-02 -1.38935e+00
3.66148e-02 1.08473e-01 -1.37734e+00
3.66148e-02 1.58358e-01 -1.35578e+00
3.66148e-02 2.17304e-01 -1.32186e+00
3.66148e-02 2.85080e-01 -1.27390e+00
3.66148e-02 3.61426e-01 -1.21187e+00
3.66148e-02 4.46045e-01 -1.13736e+00
3.66148e-02 5.38610e-01 -1.05292e+00
3.66148e-02 6.38764e-01 -9.61001e-01
3.66148e-02 7.46119e-01 -8.63100e-01
3.66148e-02 8.60259e-01 -7.59316e-01
3.66148e-02 9.80743e-01 -6.48425e-01
3.66148e-02 1.10710e+00 -5.28248e-01
3.66148e-02 1.23885e+00 -3.96201e-01
3.66148e-02 1.37548e+00 -2.49988e-01
3.66148e-02 1.51646e+00 -8.84878e-02
3.66148e-02 1.66125e+00 8.71049e-02
3.66148e-02 1.80928e+00 2.71898e-01
3.66148e-02 1.95998e+00 4.55962e-01
3.66148e-02 2.11277e+00 6.23791e-01
3.66148e-02 2.26706e+00 7.55953e-01
3.66148e-02 2.42225e+00 8.34361e-01
3.66148e-02 2.57775e+00 8.50255e-01
3.66148e-02 2.73294e+00 8.09016e-01
3.66148e-02 2.88723e+00 7.24891e-01
3.66148e-02 3.04002e+00 6.10860e-01
3.66148e-02 3.19072e+00 4.78783e-01
3.66148e-02 3.33875e+00 3.45976e-01
3.66148e-02 3.48354e+00 2.30811e-01
3.66148e-02 3.62452e+00 1.43198e-01
3.66148e-02 3.76115e+00 8.32602e-02
3.66148e-02 3.89290e+00 4.56874e-02
3.66148e-02 4.01926e+00 2.38311e-02
3.66148e-02 4.13974e+00 1.19150e-02
3.66148e-02 4.25388e+00 5.76603e-03
3.66148e-02 4.36124e+00 2.73113e-03
3.66148e-02 4.46139e+00 1.28194e-03
3.66148e-02 4.55396e+00 6.04277e-04
3.66148e-02 4.63857e+00 2.90070e-04
3.66148e-02 4.71492e+00 1.43825e-04
3.66148e-02 4.78270e+00 7.47024e-05
3.66148e-02 4.84164e+00 4.11986e-05
3.66148e-02 4.89153e+00 2.44314e-05
3.66148e-02 4.93216e+00 1.57556e-05
3.66148e-02 4.96339e+00 1.11564e-05
3.66148e-02 4.98508e+00 8.74066e-06
3.66148e-02 4.99717e+00 7.61818e-06
6.78390e-02 2.83399e-03 -1.39160e+00
6.78390e-02 1.49201e-02 -1.39123e+00
6.78390e-02 3.66148e-02 -1.38935e+00
6.78390e-02 6.78390e-02 -1.38389e+00
6.78390e-02 1.08473e-01 -1.37211e+00
6.78390e-02 1.58358e-01 -1.35091e+00
6.78390e-02 2.17304e-01 -1.31754e+00
6.78390e-02 2.85080e-01 -1.27026e+00
6.78390e-02 3.61426e-01 -1.20897e+00
6.78390e-02 4.46045e-01 -1.13515e+00
6.78390e-02 5.38610e-01 -1.05131e+00
6.78390e-02 6.38764e-01 -9.59855e-01
6.78390e-02 7.46119e-01 -8.62304e-01
6.78390e-02 8.60259e-01 -7.58787e-01
6.78390e-02 9.80743e-01 -6.48113e-01
6.78390e-02 1.10710e+00 -5.28128e-01
6.78390e-02 1.23885e+00 -3.96264e-01
6.78390e-02 1.37548e+00 -2.50230e-01
6.78390e-02 1.51646e+00 -8.89038e-02
6.78390e-02 1.66125e+00 8.65248e-02
6.78390e-02 1.80928e+00 2.71174e-01
6.78390e-02 1.95998e+00 4.55125e-01
6.78390e-02 2.11277e+00 6.22883e-01
6.78390e-02 2.26706e+00 7.55024e-01
6.78390e-02 2.42225e+00 8.33461e-01
6.78390e-02 2.57775e+00 8.49433e-01
6.78390e-02 2.73294e+00 8.08309e-01
6.78390e-02 2.88723e+00 7.24317e-01
6.78390e-02 3.04002e+00 6.10424e-01
6.78390e-02 3.19072e+00 4.78471e-01
6.78390e-02 3.33875e+00 3.45768e-01
6.78390e-02 3.48354e+00 2.30680e-01
6.78390e-02 3.62452e+00 1.43121e-01
6.78390e-02 3.76115e+00 8.32175e-02
6.78390e-02 3.89290e+00 4.56649e-02
6.78390e-02 4.01926e+00 2.38199e-02
6.78390e-02 4.13974e+00 1.19096e-02
6.78390e-02 4.25388e+00 5.76350e-03
6.78390e-02 4.36124e+00 2.72997e-03
6.78390e-02 4.46139e+00 1.28141e-03
6.78390e-02 4.55396e+00 6.04035e-04
6.78390e-02 4.63857e+00 2.89957e-04
6.78390e-02 4.71492e+00 1.43770e-04
6.78390e-02 4.78270e+00 7.46743e-05
6.78390e-02 4.84164e+00 4.11833e-05
6.78390e-02 4.89153e+00 2.44225e-05
6.78390e-02 4.93216e+00 1.57499e-05
6.78390e-02 4.96339e+00 1.11524e-05
6.78390e-02 4.98508e+00 8.73756e-06
6.78390e-02 4.99717e+00 7.61548e-06
1.08473e-01 2.83399e-03 -1.37950e+00
1.08473e-01 1.49201e-02 -1.37915e+00
1.08473e-01 3.66148e-02 -1.37734e+00
1.08473e-01 6.78390e-02 -1.37211e+00
1.08473e-01 1.08473e-01 -1.36078e+00
1.08473e-01 1.58358e-01 -1.34038e+00
1.08473e-01 2.17304e-01 -1.30816e+00
1.08473e-01 2.85080e-01 -1.26233e+00
1.08473e-01 3.61426e-01 -1.20262e+00
1.08473e-01 4.46045e-01 -1.13032e+00
1.08473e-01 5.38610e-01 -1.04776e+00
1.08473e-01 6.38764e-01 -9.57331e-01
1.08473e-01 7.46119e-01 -8.60549e-01
1.08473e-01 8.60259e-01 -7.57620e-01
1.08473e-01 9.80743e-01 -6.47423e-01
1.08473e-01 1.10710e+00 -5.27861e-01
1.08473e-01 1.23885e+00 -3.96398e-01
1.08473e-01 1.37548e+00 -2.50758e-01
1.08473e-01 1.51646e+00 -8.98156e-02
1.08473e-01 1.66125e+00 8.52526e-02
1.08473e-01 1.80928e+00 2.69585e-01
1.08473e-01 1.95998e+00 4.53287e-01
1.08473e-01 2.11277e+00 6.20888e-01
1.08473e-01 2.26706e+00 7.52982e-01
1.08473e-01 2.42225e+00 8.31486e-01
1.08473e-01 2.57775e+00 8.47629e-01
1.08473e-01 2.73294e+00 8.06755e-01
1.08473e-01 2.88723e+00 7.23058e-01
1.08473e-01 3.04002e+00 6.09464e-01
1.08473e-01 3.19072e+00 4.77785e-01
1.08473e-01 3.33875e+00 3.45309e-01
1.08473e-01 3.48354e+00 2.30393e-01
1.08473e-01 3.62452e+00 1.42952e-01
1.08473e-01 3.76115e+00 8.31236e-02
1.08473e-01 3.89290e+00 4.56157e-02
1.08473e-01 4.01926e+00 2.37952e-02
1.08473e-01 4.13974e+00 1.18977e-02
1.08473e-01 4.25388e+00 5.75795e-03
1.08473e-01 4.36124e+00 2.72743e-03
1.08473e-01 4.46139e+00 1.28025e-03
1.08473e-01 4.55396e+00 6.03503e-04
1.08473e-01 4.63857e+00 2.89707e-04
1.08473e-01 4.71492e+00 1.43649e-04
1.08473e-01 4.78270e+00 7.46126e-05
1.08473e-01 4.84164e+00 4.11499e-05
1.08473e-01 4.89153e+00 2.44029e-05
1.08473e-01 4.93216e+00 1.57374e-05
1.08473e-01 4.96339e+00 1.11436e-05
1.08473e-01 4.98508e+00 8.73071e-06
1.08473e-01 4.99717e+00 7.60953e-06
1.58358e-01 2.83399e-03 -1.35778e+00
1.58358e-01 1.49201e-02 -1.35745e+00
1.58358e-01 3.66148e-02 -1.35578e+00
1.58358e-01 6.78390e-02 -1.35091e+00
1.58358e-01 1.08473e-01 -1.34038e+00
1.58358e-01 1.58358e-01 -1.32135e+00
1.58358e-01 2.17304e-01 -1.29114e+00
1.58358e-01 2.85080e-01 -1.24785e+00
1.58358e-01 3.61426e-01 -1.19093e+00
1.58358e-01 4.46045e-01 -1.12136e+00
1.58358e-01 5.38610e-01 -1.04117e+00
1.58358e-01 6.38764e-01 -9.52614e-01
1.58358e-01 7.46119e-01 -8.57262e-01
1.58358e-01 8.60259e-01 -7.55429e-01
1.58358e-01 9.80743e-01 -6.46124e-01
1.58358e-01 1.10710e+00 -5.27352e-01
1.58358e-01 1.23885e+00 -3.96637e-01
1.58358e-01 1.37548e+00 -2.51730e-01
1.58358e-01 1.51646e+00 -9.15015e-02
1.58358e-01 1.66125e+00 8.28954e-02
1.58358e-01 1.80928e+00 2.66637e-01
1.58358e-01 1.95998e+00 4.49877e-01
1.58358e-01 2.11277e+00 6.17185e-01
1.58358e-01 2.26706e+00 7.49188e-01
1.58358e-01 2.42225e+00 8.27815e-01
1.58358e-01 2.57775e+00 8.44275e-01
1.58358e-01 2.73294e+00 8.03866e-01
1.58358e-01 2.88723e+00 7.20715e-01
1.58358e-01 3.04002e+00 6.07679e-01
1.58358e-01 3.19072e+00 4.76510e-01
1.58358e-01 3.33875e+00 3.44455e-01
1.58358e-01 3.48354e+00 2.29858e-01
1.58358e-01 3.62452e+00 1.42637e-01
1.58358e-01 3.76115e+00 8.29488e-02
1.58358e-01 3.89290e+00 4.55238e-02
1.58358e-01 4.01926e+00 2.37493e-02
1.58358e-01 4.13974e+00 1.18756e-02
1.58358e-01 4.25388e+00 5.74761e-03
1.58358e-01 4.36124e+00 2.72269e-03
1.58358e-01 4.46139e+00 1.27809e-03
1.58358e-01 4.55396e+00 6.02511e-04
1.58358e-01 4.63857e+00 2.89242e-04
1.58358e-01 4.71492e+00 1.43423e-04
1.58358e-01 4.78270e+00 7.44976e-05
1.58358e-01 4.84164e+00 4.10874e-05
1.58358e-01 4.89153e+00 2.43663e-05
1.58358e-01 4.93216e+00 1.57141e-05
1.58358e-01 4.96339e+00 1.11272e-05
1.58358e-01 4.98508e+00 8.71795e-06
1.58358e-01 4.99717e+00 7.59844e-06
2.17304e-01 2.83399e-03 -1.32363e+00
2.17304e-01 1.49201e-02 -1.32335e+00
2.17304e-01 3.66148e-02 -1.32186e+00
2.17304e-01 6.78390e-02 -1.31754e+00
2.17304e-01 1.08473e-01 -1.30816e+00
2.17304e-01 1.58358e-01 -1.29114e+00
2.17304e-01 2.17304e-01 -1.26389e+00
2.17304e-01 2.85080e-01 -1.22443e+00
2.17304e-01 3.61426e-01 -1.17183e+00
2.17304e-01 4.46045e-01 -1.10654e+00
2.17304e-01 5.38610e-01 -1.03016e+00
2.17304e-01 6.38764e-01 -9.44691e-01
2.17304e-01 7.46119e-01 -8.51718e-01
2.17304e-01 8.60259e-01 -7.51722e-01
2.17304e-01 9.80743e-01 -6.43916e-01
2.17304e-01 1.10710e+00 -5.26466e-01
2.17304e-01 1.23885e+00 -3.97003e-01
2.17304e-01 1.37548e+00 -2.53319e-01
2.17304e-01 1.51646e+00 -9.42826e-02
2.17304e-01 1.66125e+00 7.89938e-02
2.17304e-01 1.80928e+00 2.61750e-01
2.17304e-01 1.95998e+00 4.44214e-01
2.17304e-01 2.11277e+00 6.11030e-01
2.17304e-01 2.26706e+00 7.42878e-01
2.17304e-01 2.42225e+00 8.21705e-01
2.17304e-01 2.57775e+00 8.38690e-01
2.17304e-01 2.73294e+00 7.99052e-01
2.17304e-01 2.88723e+00 7.16809e-01
2.17304e-01 3.04002e+00 6.04702e-01
2.17304e-01 3.19072e+00 4.74382e-01
2.17304e-01 3.33875e+00 3.43031e-01
2.17304e-01 3.48354e+00 2.28964e-01
2.17304e-01 3.62452e+00 1.42110e-01
2.17304e-01 3.76115e+00 8.26569e-02
2.17304e-01 3.89290e+00 4.53704e-02
2.17304e-01 4.01926e+00 2.36724e-02
2.17304e-01 4.13974e+00 1.18386e-02
2.17304e-01 4.25388e+00 5.73032e-03
2.17304e-01 4.36124e+00 2.71475e-03
2.17304e-01 4.46139e+00 1.27447e-03
2.17304e-01 4.55396e+00 6.00851e-04
2.17304e-01 4.63857e+00 2.88464e-04
2.17304e-01 4.71492e+00 1.43045e-04
2.17304e-01 4.78270e+00 7.43049e-05
2.17304e-01 4.84164e+00 4.09828e-05
2.17304e-01 4.89153e+00 2.43051e-05
2.17304e-01 4.93216e+00 1.56750e-05
2.17304e-01 4.96339e+00 1.10998e-05
2.17304e-01 4.98508e+00 8.69657e-06
2.17304e-01 4.99717e+00 7.57986e-06
2.85080e-01 2.83399e-03 -1.27540e+00
2.85080e-01 1.49201e-02 -1.27516e+00
2.85080e-01 3.66148e-02 -1.27390e+00
2.85080e-01 6.78390e-02 -1.27026e+00
2.85080e-01 1.08473e-01 -1.26233e+00
2.85080e-01 1.58358e-01 -1.24785e+00
2.85080e-01 2.17304e-01 -1.22443e+00
2.85080e-01 2.85080e-01 -1.19001e+00
2.85080e-01 3.61426e-01 -1.14328e+00
2.85080e-01 4.46045e-01 -1.08402e+00
2.85080e-01 5.38610e-01 -1.01317e+00
2.85080e-01 6.38764e-01 -9.32336e-01
2.85080e-01 7.46119e-01 -8.43014e-01
2.85080e-01 8.60259e-01 -7.45873e-01
2.85080e-01 9.80743e-01 -6.40401e-01
2.85080e-01 1.10710e+00 -5.25009e-01
2.85080e-01 1.23885e+00 -3.97486e-01
2.85080e-01 1.37548e+00 -2.55695e-01
2.85080e-01 1.51646e+00 -9.85007e-02
2.85080e-01 1.66125e+00 7.30431e-02
2.85080e-01 1.80928e+00 2.54273e-01
2.85080e-01 1.95998e+00 4.35533e-01
2.85080e-01 2.11277e+00 6.01581e-01
2.85080e-01 2.26706e+00 7.33180e-01
2.85080e-01 2.42225e+00 8.12305e-01
2.85080e-01 2.57775e+00 8.30090e-01
2.85080e-01 2.73294e+00 7.91634e-01
2.85080e-01 2.88723e+00 7.10787e-01
2.85080e-01 3.04002e+00 6.00108e-01
2.85080e-01 3.19072e+00 4.71096e-01
2.85080e-01 3.33875e+00 3.40829e-01
2.85080e-01 3.48354e+00 2.27583e-01
2.85080e-01 3.62452e+00 1.41297e-01
2.85080e-01 3.76115e+00 8.22050e-02
2.85080e-01 3.89290e+00 4.51329e-02
2.85080e-01 4.01926e+00 2.35533e-02
2.85080e-01 4.13974e+00 1.17812e-02
2.85080e-01 4.25388e+00 5.70351e-03
2.85080e-01 4.36124e+00 2.70245e-03
2.85080e-01 4.46139e+00 1.26886e-03
2.85080e-01 4.55396e+00 5.98274e-04
2.85080e-01 4.63857e+00 2.87256e-04
2.85080e-01 4.71492e+00 1.42458e-04
2.85080e-01 4.78270e+00 7.40055e-05
2.85080e-01 4.84164e+00 4.08202e-05
2.85080e-01 4.89153e+00 2.42099e-05
2.85080e-01 4.93216e+00 1.56143e-05
2.85080e-01 4.96339e+00 1.10571e-05
2.85080e-01 4.98508e+00 8.66333e-06
2.85080e-01 4.99717e+00 7.55098e-06
3.61426e-01 2.83399e-03 -1.21306e+00
3.61426e-01 1.49201e-02 -1.21287e+00
3.61426e-01 3.66148e-02 -1.21187e+00
3.61426e-01 6.78390e-02 -1.20897e+00
3.61426e-01 1.08473e-01 -1.20262e+00
3.61426e-01 1.58358e-01 -1.19093e+00
3.61426e-01 2.17304e-01 -1.17183e+00
3.61426e-01 2.85080e-01 -1.14328e+00
3.61426e-01 3.61426e-01 -1.10363e+00
3.61426e-01 4.46045e-01 -1.05200e+00
3.61426e-01 5.38610e-01 -9.88511e-01
3.61426e-01 6.38764e-01 -9.14103e-01
3.61426e-01 7.46119e-01 -8.30026e-01
3.61426e-01 8.60259e-01 -7.37073e-01
3.61426e-01 9.80743e-01 -6.35049e-01
3.61426e-01 1.10710e+00 -5.22690e-01
3.61426e-01 1.23885e+00 -3.98013e-01
3.61426e-01 1.37548e+00 -2.58990e-01
3.61426e-01 1.51646e+00 -1.04486e-01
3.61426e-01 1.66125e+00 6.45260e-02
3.61426e-01 1.80928e+00 2.43522e-01
3.61426e-01 1.95998e+00 4.23013e-01
3.61426e-01 2.11277e+00 5.87923e-01
3.61426e-01 2.26706e+00 7.19137e-01
3.61426e-01 2.42225e+00 7.98674e-01
3.61426e-01 2.57775e+00 8.17602e-01
3.61426e-01 2.73294e+00 7.80850e-01
3.61426e-01 2.88723e+00 7.02022e-01
3.61426e-01 3.04002e+00 5.93415e-01
3.61426e-01 3.19072e+00 4.66304e-01
3.61426e-01 3.33875e+00 3.37617e-01
3.61426e-01 3.48354e+00 2.25565e-01
3.61426e-01 3.62452e+00 1.40107e-01
3.61426e-01 3.76115e+00 8.15439e-02
3.61426e-01 3.89290e+00 4.47851e-02
3.61426e-01 4.01926e+00 2.33789e-02
3.61426e-01 4.13974e+00 1.16971e-02
3.61426e-01 4.25388e+00 5.66417e-03
3.61426e-01 4.36124e+00 2.68439e-03
3.61426e-01 4.46139e+00 1.26062e-03
3.61426e-01 4.55396e+00 5.94488e-04
3.61426e-01 4.63857e+00 2.85480e-04
3.61426e-01 4.71492e+00 1.41595e-04
3.61426e-01 4.78270e+00 7.35653e-05
3.61426e-01 4.84164e+00 4.05811e-05
3.61426e-01 4.89153e+00 2.40699e-05
3.61426e-01 4.93216e+00 1.55249e-05
3.61426e-01 4.96339e+00 1.09943e-05
3.61426e-01 4.98508e+00 8.61439e-06
3.61426e-01 4.99717e+00 7.50846e-06
4.46045e-01 2.83399e-03 -1.13826e+00
4.46045e-01 1.49201e-02 -1.13812e+00
4.46045e-01 3.66148e-02 -1.13736e+00
4.46045e-01 6.78390e-02 -1.13515e+00
4.46045e-01 1.08473e-01 -1.13032e+00
4.46045e-01 1.58358e-01 -1.12136e+00
4.46045e-01 2.17304e-01 -1.10654e+00
4.46045e-01 2.85080e-01 -1.08402e+00
4.46045e-01 3.61426e-01 -1.05200e+00
4.46045e-01 4.46045e-01 -1.00908e+00
4.46045e-01 5.38610e-01 -9.54497e-01
4.46045e-01 6.38764e-01 -8.88360e-01
4.46045e-01 7.46119e-01 -8.11376e-01
4.46045e-01 8.60259e-01 -7.24273e-01
4.46045e-01 9.80743e-01 -6.27130e-01
4.46045e-01 1.10710e+00 -5.19064e-01
4.46045e-01 1.23885e+00 -3.98394e-01
4.46045e-01 1.37548e+00 -2.63250e-01
4.46045e-01 1.51646e+00 -1.12510e-01
4.46045e-01 1.66125e+00 5.29583e-02
4.46045e-01 1.80928e+00 2.28819e-01
4.46045e-01 1.95998e+00 4.05816e-01
4.46045e-01 2.11277e+00 5.69102e-01
4.46045e-01 2.26706e+00 6.99737e-01
4.46045e-01 2.42225e+00 7.79801e-01
4.46045e-01 2.57775e+00 8.00280e-01
4.46045e-01 2.73294e+00 7.65866e-01
4.46045e-01 2.88723e+00 6.89825e-01
4.46045e-01 3.04002e+00 5.84089e-01
4.46045e-01 3.19072e+00 4.59619e-01
4.46045e-01 3.33875e+00 3.33129e-01
4.46045e-01 3.48354e+00 2.22742e-01
4.46045e-01 3.62452e+00 1.38441e-01
4.46045e-01 3.76115e+00 8.06173e-02
4.46045e-01 3.89290e+00 4.42971e-02
4.46045e-01 4.01926e+00 2.31340e-02
4.46045e-01 4.13974e+00 1.15790e-02
4.46045e-01 4.25388e+00 5.60884e-03
4.46045e-01 4.36124e+00 2.65896e-03
4.46045e-01 4.46139e+00 1.24901e-03
4.46045e-01 4.55396e+00 5.89151e-04
4.46045e-01 4.63857e+00 2.82975e-04
4.46045e-01 4.71492e+00 1.40378e-04
4.46045e-01 4.78270e+00 7.29436e-05
4.46045e-01 4.84164e+00 4.02432e-05
4.46045e-01 4.89153e+00 2.38720e-05
4.46045e-01 4.93216e+00 1.53985e-05
4.46045e-01 4.96339e+00 1.09055e-05
4.46045e-01 4.98508e+00 8.54519e-06
4.46045e-01 4.99717e+00 7.44832e-06
5.38610e-01 2.83399e-03 -1.05358e+00
5.38610e-01 1.49201e-02 -1.05347e+00
5.38610e-01 3.66148e-02 -1.05292e+00
5.38610e-01 6.78390e-02 -1.05131e+00
5.38610e-01 1.08473e-01 -1.04776e+00
5.38610e-01 1.58358e-01 -1.04117e+00
5.38610e-01 2.17304e-01 -1.03016e+00
5.38610e-01 2.85080e-01 -1.01317e+00
5.38610e-01 3.61426e-01 -9.88511e-01
5.38610e-01 4.46045e-01 -9.54497e-01
5.38610e-01 5.38610e-01 -9.09736e-01
5.38610e-01 6.38764e-01 -8.53416e-01
5.38610e-01 7.46119e-01 -7.85434e-01
5.38610e-01 8.60259e-01 -7.06121e-01
5.38610e-01 9.80743e-01 -6.15640e-01
5.38610e-01 1.10710e+00 -5.13456e-01
5.38610e-01 1.23885e+00 -3.98250e-01
5.38610e-01 1.37548e+00 -2.68366e-01
5.38610e-01 1.51646e+00 -1.22717e-01
5.38610e-01 1.66125e+00 3.79552e-02
5.38610e-01 1.80928e+00 2.09559e-01
5.38610e-01 1.95998e+00 3.83146e-01
5.38610e-01 2.11277e+00 5.44180e-01
5.38610e-01 2.26706e+00 6.73957e-01
5.38610e-01 2.42225e+00 7.54649e-01
5.38610e-01 2.57775e+00 7.77134e-01
5.38610e-01 2.73294e+00 7.45798e-01
5.38610e-01 2.88723e+00 6.73455e-01
5.38610e-01 3.04002e+00 5.71548e-01
5.38610e-01 3.19072e+00 4.50612e-01
5.38610e-01 3.33875e+00 3.27073e-01
5.38610e-01 3.48354e+00 2.18928e-01
5.38610e-01 3.62452e+00 1.36186e-01
5.38610e-01 3.76115e+00 7.93615e-02
5.38610e-01 3.89290e+00 4.36349e-02
5.38610e-01 4.01926e+00 2.28011e-02
5.38610e-01 4.13974e+00 1.14182e-02
5.38610e-01 4.25388e+00 5.53349e-03
5.38610e-01 4.36124e+00 2.62430e-03
5.38610e-01 4.46139e+00 1.23317e-03
5.38610e-01 4.55396e+00 5.81863e-04
5.38610e-01 4.63857e+00 2.79551e-04
5.38610e-01 4.71492e+00 1.38712e-04
5.38610e-01 4.78270e+00 7.20928e-05
5.38610e-01 4.84164e+00 3.97807e-05
5.38610e-01 4.89153e+00 2.36010e-05
5.38610e-01 4.93216e+00 1.52254e-05
5.38610e-01 4.96339e+00 1.07838e-05
5.38610e-01 4.98508e+00 8.45032e-06
5.38610e-01 4.99717e+00 7.36586e-06
6.38764e-01 2.83399e-03 -9.61468e-01
6.38764e-01 1.49201e-02 -9.61393e-01
6.38764e-01 3.66148e-02 -9.61001e-01
6.38764e-01 6.78390e-02 -9.59855e-01
6.38764e-01 1.08473e-01 -9.57331e-01
6.38764e-01 1.58358e-01 -9.52614e-01
6.38764e-01 2.17304e-01 -9.44691e-01
6.38764e-01 2.85080e-01 -9.32336e-01
6.38764e-01 3.61426e-01 -9.14103e-01
6.38764e-01 4.46045e-01 -8.88360e-01
6.38764e-01 5.38610e-01 -8.53416e-01
6.38764e-01 6.38764e-01 -8.07772e-01
6.38764e-01 7.46119e-01 -7.50417e-01
6.38764e-01 8.60259e-01 -6.80933e-01
6.38764e-01 9.80743e-01 -5.99203e-01
6.38764e-01 1.10710e+00 -5.04855e-01
6.38764e-01 1.23885e+00 -3.96911e-01
6.38764e-01 1.37548e+00 -2.73978e-01
6.38764e-01 1.51646e+00 -1.35032e-01
6.38764e-01 1.66125e+00 1.93231e-02
6.38764e-01 1.80928e+00 1.85297e-01
6.38764e-01 1.95998e+00 3.54339e-01
6.38764e-01 2.11277e+00 5.12312e-01
6.38764e-01 2.26706e+00 6.40832e-01
6.38764e-01 2.42225e+00 7.22201e-01
6.38764e-01 2.57775e+00 7.47171e-01
6.38764e-01 2.73294e+00 7.19739e-01
6.38764e-01 2.88723e+00 6.52138e-01
6.38764e-01 3.04002e+00 5.55175e-01
6.38764e-01 3.19072e+00 4.38827e-01
6.38764e-01 3.33875e+00 3.19132e-01
6.38764e-01 3.48354e+00 2.13917e-01
6.38764e-01 3.62452e+00 1.33217e-01
6.38764e-01 3.76115e+00 7.77054e-02
6.38764e-01 3.89290e+00 4.27601e-02
6.38764e-01 4.01926e+00 2.23608e-02
6.38764e-01 4.13974e+00 1.12052e-02
6.38764e-01 4.25388e+00 5.43352e-03
6.38764e-01 4.36124e+00 2.57827e-03
6.38764e-01 4.46139e+00 1.21211e-03
6.38764e-01 4.55396e+00 5.72160e-04
6.38764e-01 4.63857e+00 2.74988e-04
6.38764e-01 4.71492e+00 1.36491e-04
6.38764e-01 4.78270e+00 7.09573e-05
6.38764e-01 4.84164e+00 3.91629e-05
6.38764e-01 4.89153e+00 2.32388e-05
6.38764e-01 4.93216e+00 1.49939e-05
6.38764e-01 4.96339e+00 1.06211e-05
6.38764e-01 4.98508e+00 8.32342e-06
6.38764e-01 4.99717e+00 7.25555e-06
7.46119e-01 2.83399e-03 -8.63424e-01
7.46119e-01 1.49201e-02 -8.63372e-01
7.46119e-01 3.66148e-02 -8.63100e-01
7.46119e-01 6.78390e-02 -8.62304e-01
7.46119e-01 1.08473e-01 -8.60549e-01
7.46119e-01 1.58358e-01 -8.57262e-01
7.46119e-01 2.17304e-01 -8.51718e-01
7.46119e-01 2.85080e-01 -8.43014e-01
7.46119e-01 3.61426e-01 -8.30026e-01
7.46119e-01 4.46045e-01 -8.11376e-01
7.46119e-01 5.38610e-01 -7.85434e-01
7.46119e-01 6.38764e-01 -7.50417e-01
7.46119e-01 7.46119e-01 -7.04630e-01
7.46119e-01 8.60259e-01 -6.46767e-01
7.46119e-01 9.80743e-01 -5.76020e-01
7.46119e-01 1.10710e+00 -4.91797e-01
7.46119e-01 1.23885e+00 -3.93286e-01
7.46119e-01 1.37548e+00 -2.79341e-01
7.46119e-01 1.51646e+00 -1.49031e-01
7.46119e-01 1.66125e+00 -2.81378e-03
7.46119e-01 1.80928e+00 1.55876e-01
7.46119e-01 1.95998e+00 3.18974e-01
7.46119e-01 2.11277e+00 4.72859e-01
7.46119e-01 2.26706e+00 5.99556e-01
7.46119e-01 2.42225e+00 6.81552e-01
7.46119e-01 2.57775e+00 7.09464e-01
7.46119e-01 2.73294e+00 6.86812e-01
7.46119e-01 2.88723e+00 6.25104e-01
7.46119e-01 3.04002e+00 5.34343e-01
7.46119e-01 3.19072e+00 4.23787e-01
7.46119e-01 3.33875e+00 3.08970e-01
7.46119e-01 3.48354e+00 2.07488e-01
7.46119e-01 3.62452e+00 1.29401e-01
7.46119e-01 3.76115e+00 7.55716e-02
7.46119e-01 3.89290e+00 4.16308e-02
7.46119e-01 4.01926e+00 2.17913e-02
7.46119e-01 4.13974e+00 1.09292e-02
7.46119e-01 4.25388e+00 5.30378e-03
7.46119e-01 4.36124e+00 2.51842e-03
7.46119e-01 4.46139e+00 1.18469e-03
7.46119e-01 4.55396e+00 5.59514e-04
7.46119e-01 4.63857e+00 2.69035e-04
7.46119e-01 4.71492e+00 1.33589e-04
7.46119e-01 4.78270e+00 6.94728e-05
7.46119e-01 4.84164e+00 3.83547e-05
7.46119e-01 4.89153e+00 2.27645e-05
7.46119e-01 4.93216e+00 1.46908e-05
7.46119e-01 4.96339e+00 1.04078e-05
7.46119e-01 4.98508e+00 8.15707e-06
7.46119e-01 4.99717e+00 7.11093e-06
8.60259e-01 2.83399e-03 -7.59532e-01
8.60259e-01 1.49201e-02 -7.59497e-01
8.60259e-01 3.66148e-02 -7.59316e-01
8.60259e-01 6.78390e-02 -7.58787e-01
8.60259e-01 1.08473e-01 -7.57620e-01
8.60259e-01 1.58358e-01 -7.55429e-01
8.60259e-01 2.17304e-01 -7.51722e-01
8.60259e-01 2.85080e-01 -7.45873e-01
8.60259e-01 3.61426e-01 -7.37073e-01
8.60259e-01 4.46045e-01 -7.24273e-01
8.60259e-01 5.38610e-01 -7.06121e-01
8.60259e-01 6.38764e-01 -6.80933e-01
8.60259e-01 7.46119e-01 -6.46767e-01
8.60259e-01 8.60259e-01 -6.01654e-01
8.60259e-01 9.80743e-01 -5.43911e-01
8.60259e-01 1.10710e+00 -4.72277e-01
8.60259e-01 1.23885e+00 -3.85719e-01
8.60259e-01 1.37548e+00 -2.83174e-01
8.60259e-01 1.51646e+00 -1.63782e-01
8.60259e-01 1.66125e+00 -2.78501e-02
8.60259e-01 1.80928e+00 1.21587e-01
8.60259e-01 1.95998e+00 2.77047e-01
8.60259e-01 2.11277e+00 4.25542e-01
8.60259e-01 2.26706e+00 5.49623e-01
8.60259e-01 2.42225e+00 6.32034e-01
8.60259e-01 2.57775e+00 6.63255e-01
8.60259e-01 2.73294e+00 6.46249e-01
8.60259e-01 2.88723e+00 5.91645e-01
8.60259e-01 3.04002e+00 5.08451e-01
8.60259e-01 3.19072e+00 4.05025e-01
8.60259e-01 3.33875e+00 2.96251e-01
8.60259e-01 3.48354e+00 1.99417e-01
8.60259e-01 3.62452e+00 1.24597e-01
8.60259e-01 3.76115e+00 7.28787e-02
8.60259e-01 3.89290e+00 4.02022e-02
8.60259e-01 4.01926e+00 2.10691e-02
8.60259e-01 4.13974e+00 1.05786e-02
8.60259e-01 4.25388e+00 5.13862e-03
8.60259e-01 4.36124e+00 2.44210e-03
8.60259e-01 4.46139e+00 1.14967e-03
8.60259e-01 4.55396e+00 5.43337e-04
8.60259e-01 4.63857e+00 2.61410e-04
8.60259e-01 4.71492e+00 1.29869e-04
8.60259e-01 4.78270e+00 6.75671e-05
8.60259e-01 4.84164e+00 3.73162e-05
8.60259e-01 4.89153e+00 2.21548e-05
8.60259e-01 4.93216e+00 1.43007e-05
8.60259e-01 4.96339e+00 1.01333e-05
8.60259e-01 4.98508e+00 7.94290e-06
8.60259e-01 4.99717e+00 6.92470e-06
9.80743e-01 2.83399e-03 -6.48552e-01
9.80743e-01 1.49201e-02 -6.48532e-01
9.80743e-01 3.66148e-02 -6.48425e-01
9.80743e-01 6.78390e-02 -6.48113e-01
9.80743e-01 1.08473e-01 -6.47423e-01
9.80743e-01 1.58358e-01 -6.46124e-01
9.80743e-01 2.17304e-01 -6.43916e-01
9.80743e-01 2.85080e-01 -6.40401e-01
9.80743e-01 3.61426e-01 -6.35049e-01
9.80743e-01 4.46045e-01 -6.27130e-01
9.80743e-01 5.38610e-01 -6.15640e-01
9.80743e-01 6.38764e-01 -5.99203e-01
9.80743e-01 7.46119e-01 -5.76020e-01
9.80743e-01 8.60259e-01 -5.43911e-01
9.80743e-01 9.80743e-01 -5.00542e-01
9.80743e-01 1.10710e+00 -4.43772e-01
9.80743e-01 1.23885e+00 -3.71872e-01
9.80743e-01 1.37548e+00 -2.83482e-01
9.80743e-01 1.51646e+00 -1.77651e-01
9.80743e-01 1.66125e+00 -5.45011e-02
9.80743e-01 1.80928e+00 8.33774e-02
9.80743e-01 1.95998e+00 2.29171e-01
9.80743e-01 2.11277e+00 3.70652e-01
9.80743e-01 2.26706e+00 4.91026e-01
9.80743e-01 2.42225e+00 5.73390e-01
9.80743e-01 2.57775e+00 6.08109e-01
9.80743e-01 2.73294e+00 5.97516e-01
9.80743e-01 2.88723e+00 5.51209e-01
9.80743e-01 3.04002e+00 4.76996e-01
9.80743e-01 3.19072e+00 3.82126e-01
9.80743e-01 3.33875e+00 2.80666e-01
9.80743e-01 3.48354e+00 1.89493e-01
9.80743e-01 3.62452e+00 1.18669e-01
9.80743e-01 3.76115e+00 6.95465e-02
9.80743e-01 3.89290e+00 3.84296e-02
9.80743e-01 4.01926e+00 2.01709e-02
9.80743e-01 4.13974e+00 1.01414e-02
9.80743e-01 4.25388e+00 4.93223e-03
9.80743e-01 4.36124e+00 2.34655e-03
9.80743e-01 4.46139e+00 1.10574e-03
9.80743e-01 4.55396e+00 5.23012e-04
9.80743e-01 4.63857e+00 2.51814e-04
9.80743e-01 4.71492e+00 1.25181e-04
9.80743e-01 4.78270e+00 6.51632e-05
9.80743e-01 4.84164e+00 3.60048e-05
9.80743e-01 4.89153e+00 2.13843e-05
9.80743e-01 4.93216e+00 1.38074e-05
9.80743e-01 4.96339e+00 9.78591e-06
9.80743e-01 4.98508e+00 7.67180e-06
9.80743e-01 4.99717e+00 6.68892e-06
1.10710e+00 2.83399e-03 -5.28297e-01
1.10710e+00 1.49201e-02 -5.28289e-01
1.10710e+00 3.66148e-02 -5.28248e-01
1.10710e+00 6.78390e-02 -5.28128e-01
1.10710e+00 1.08473e-01 -5.27861e-01
1.10710e+00 1.58358e-01 -5.27352e-01
1.10710e+00 2.17304e-01 -5.26466e-01
1.10710e+00 2.85080e-01 -5.25009e-01
1.10710e+00 3.61426e-01 -5.22690e-01
1.10710e+00 4.46045e-01 -5.19064e-01
1.10710e+00 5.38610e-01 -5.13456e-01
1.10710e+00 6.38764e-01 -5.04855e-01
1.10710e+00 7.46119e-01 -4.91797e-01
1.10710e+00 8.60259e-01 -4.72277e-01
1.10710e+00 9.80743e-01 -4.43772e-01
1.10710e+00 1.10710e+00 -4.03484e-01
1.10710e+00 1.23885e+00 -3.48755e-01
1.10710e+00 1.37548e+00 -2.77439e-01
1.10710e+00 1.51646e+00 -1.88128e-01
1.10710e+00 1.66125e+00 -8.05941e-02
1.10710e+00 1.80928e+00 4.30770e-02
1.10710e+00 1.95998e+00 1.76821e-01
1.10710e+00 2.11277e+00 3.09292e-01
1.10710e+00 2.26706e+00 4.24496e-01
1.10710e+00 2.42225e+00 5.06001e-01
1.10710e+00 2.57775e+00 5.44110e-01
1.10710e+00 2.73294e+00 5.40479e-01
1.10710e+00 2.88723e+00 5.03531e-01
1.10710e+00 3.04002e+00 4.39666e-01
1.10710e+00 3.19072e+00 3.54796e-01
1.10710e+00 3.33875e+00 2.61975e-01
1.10710e+00 3.48354e+00 1.77540e-01
1.10710e+00 3.62452e+00 1.11505e-01
1.10710e+00 3.76115e+00 6.55052e-02
1.10710e+00 3.89290e+00 3.62730e-02
1.10710e+00 4.01926e+00 1.90749e-02
1.10710e+00 4.13974e+00 9.60658e-03
1.10710e+00 4.25388e+00 4.67915e-03
1.10710e+00 4.36124e+00 2.22911e-03
1.10710e+00 4.46139e+00 1.05163e-03
1.10710e+00 4.55396e+00 4.97934e-04
1.10710e+00 4.63857e+00 2.39956e-04
1.10710e+00 4.71492e+00 1.19379e-04
1.10710e+00 4.78270e+00 6.21842e-05
1.10710e+00 4.84164e+00 3.43781e-05
1.10710e+00 4.89153e+00 2.04274e-05
1.10710e+00 4.93216e+00 1.31944e-05
1.10710e+00 4.96339e+00 9.35405e-06
1.10710e+00 4.98508e+00 7.33462e-06
1.10710e+00 4.99717e+00 6.39561e-06
1.23885e+00 2.83399e-03 -3.96175e-01
1.23885e+00 1.49201e-02 -3.96179e-01
1.23885e+00 3.66148e-02 -3.96201e-01
1.23885e+00 6.78390e-02 -3.96264e-01
1.23885e+00 1.08473e-01 -3.96398e-01
1.23885e+00 1.58358e-01 -3.96637e-01
1.23885e+00 2.17304e-01 -3.97003e-01
1.23885e+00 2.85080e-01 -3.97486e-01
1.23885e+00 3.61426e-01 -3.98013e-01
1.23885e+00 4.46045e-01 -3.98394e-01
1.23885e+00 5.38610e-01 -3.98250e-01
1.23885e+00 6.38764e-01 -3.96911e-01
1.23885e+00 7.46119e-01 -3.93286e-01
1.23885e+00 8.60259e-01 -3.85719e-01
1.23885e+00 9.80743e-01 -3.71872e-01
1.23885e+00 1.10710e+00 -3.48755e-01
1.23885e+00 1.23885e+00 -3.13004e-01
1.23885e+00 1.37548e+00 -2.61447e-01
1.23885e+00 1.51646e+00 -1.91724e-01
1.23885e+00 1.66125e+00 -1.02904e-01
1.23885e+00 1.80928e+00 3.59872e-03
1.23885e+00 1.95998e+00 1.22559e-01
1.23885e+00 2.11277e+00 2.43626e-01
1.23885e+00 2.26706e+00 3.51759e-01
1.23885e+00 2.42225e+00 4.31142e-01
1.23885e+00 2.57775e+00 4.72104e-01
1.23885e+00 2.73294e+00 4.75615e-01
1.23885e+00 2.88723e+00 4.48805e-01
1.23885e+00 3.04002e+00 3.96470e-01
1.23885e+00 3.19072e+00 3.22955e-01
1.23885e+00 3.33875e+00 2.40072e-01
1.23885e+00 3.48354e+00 1.63467e-01
1.23885e+00 3.62452e+00 1.03033e-01
1.23885e+00 3.76115e+00 6.07083e-02
1.23885e+00 3.89290e+00 3.37044e-02
1.23885e+00 4.01926e+00 1.77654e-02
1.23885e+00 4.13974e+00 8.96563e-03
1.23885e+00 4.25388e+00 4.37503e-03
1.23885e+00 4.36124e+00 2.08764e-03
1.23885e+00 4.46139e+00 9.86314e-04
1.23885e+00 4.55396e+00 4.67599e-04
1.23885e+00 4.63857e+00 2.25586e-04
1.23885e+00 4.71492e+00 1.12336e-04
1.23885e+00 4.78270e+00 5.85635e-05
1.23885e+00 4.84164e+00 3.23985e-05
1.23885e+00 4.89153e+00 1.92620e-05
1.23885e+00 4.93216e+00 1.24472e-05
1.23885e+00 4.96339e+00 8.82730e-06
1.23885e+00 4.98508e+00 6.92319e-06
1.23885e+00 4.99717e+00 6.03762e-06
1.37548e+00 2.83399e-03 -2.49889e-01
1.37548e+00 1.49201e-02 -2.49905e-01
1.37548e+00 3.66148e-02 -2.49988e-01
1.37548e+00 6.78390e-02 -2.50230e-01
1.37548e+00 1.08473e-01 -2.50758e-01
1.37548e+00 1.58358e-01 -2.51730e-01
1.37548e+00 2.17304e-01 -2.53319e-01
1.37548e+00 2.85080e-01 -2.55695e-01
1.37548e+00 3.61426e-01 -2.58990e-01
1.37548e+00 4.46045e-01 -2.63250e-01
1.37548e+00 5.38610e-01 -2.68366e-01
1.37548e+00 6.38764e-01 -2.73978e-01
1.37548e+00 7.46119e-01 -2.79341e-01
1.37548e+00 8.60259e-01 -2.83174e-01
1.37548e+00 9.80743e-01 -2.83482e-01
1.37548e+00 1.10710e+00 -2.77439e-01
1.37548e+00 1.23885e+00 -2.61447e-01
1.37548e+00 1.37548e+00 -2.31529e-01
1.37548e+00 1.51646e+00 -1.84136e-01
1.37548e+00 1.66125e+00 -1.17152e-01
1.37548e+00 1.80928e+00 -3.09790e-02
1.37548e+00 1.95998e+00 7.01686e-02
1.37548e+00 2.11277e+00 1.77058e-01
1.37548e+00 2.26706e+00 2.75748e-01
1.37548e+00 2.42225e+00 3.51209e-01
1.37548e+00 2.57775e+00 3.93928e-01
1.37548e+00 2.73294e+00 4.04228e-01
1.37548e+00 2.88723e+00 3.87872e-01
1.37548e+00 3.04002e+00 3.47893e-01
1.37548e+00 3.19072e+00 2.86844e-01
1.37548e+00 3.33875e+00 2.15061e-01
1.37548e+00 3.48354e+00 1.47305e-01
1.37548e+00 3.62452e+00 9.32579e-02
1.37548e+00 3.76115e+00 5.51497e-02
1.37548e+00 3.89290e+00 3.07164e-02
1.37548e+00 4.01926e+00 1.62367e-02
1.37548e+00 4.13974e+00 8.21504e-03
1.37548e+00 4.25388e+00 4.01784e-03
1.37548e+00 4.36124e+00 1.92105e-03
1.37548e+00 4.46139e+00 9.09208e-04
1.37548e+00 4.55396e+00 4.31711e-04
1.37548e+00 4.63857e+00 2.08553e-04
1.37548e+00 4.71492e+00 1.03975e-04
1.37548e+00 4.78270e+00 5.42584e-05
1.37548e+00 4.84164e+00 3.00419e-05
1.37548e+00 4.89153e+00 1.78731e-05
1.37548e+00 4.93216e+00 1.15560e-05
1.37548e+00 4.96339e+00 8.19862e-06
1.37548e+00 4.98508e+00 6.43193e-06
1.37548e+00 4.99717e+00 5.61006e-06
1.51646e+00 2.83399e-03 -8.83176e-02
1.51646e+00 1.49201e-02 -8.83450e-02
1.51646e+00 3.66148e-02 -8.84878e-02
1.51646e+00 6.78390e-02 -8.89038e-02
1.51646e+00 1.08473e-01 -8.98156e-02
1.51646e+00 1.58358e-01 -9.15015e-02
1.51646e+00 2.17304e-01 -9.42826e-02
1.51646e+00 2.85080e-01 -9.85007e-02
1.51646e+00 3.61426e-01 -1.04486e-01
1.51646e+00 4.46045e-01 -1.12510e-01
1.51646e+00 5.38610e-01 -1.22717e-01
1.51646e+00 6.38764e-01 -1.35032e-01
1.51646e+00 7.46119e-01 -1.49031e-01
1.51646e+00 8.60259e-01 -1.63782e-01
1.51646e+00 9.80743e-01 -1.77651e-01
1.51646e+00 1.10710e+00 -1.88128e-01
1.51646e+00 1.23885e+00 -1.91724e-01
1.51646e+00 1.37548e+00 -1.84136e-01
1.51646e+00 1.51646e+00 -1.60862e-01
1.51646e+00 1.66125e+00 -1.18375e-01
1.51646e+00 1.80928e+00 -5.56097e-02
1.51646e+00 1.95998e+00 2.45588e-02
1.51646e+00 2.11277e+00 1.14202e-01
1.51646e+00 2.26706e+00 2.00641e-01
1.51646e+00 2.42225e+00 2.69824e-01
1.51646e+00 2.57775e+00 3.12563e-01
1.51646e+00 2.73294e+00 3.28625e-01
1.51646e+00 2.88723e+00 3.22393e-01
1.51646e+00 3.04002e+00 2.95034e-01
1.51646e+00 3.19072e+00 2.47140e-01
1.51646e+00 3.33875e+00 1.87334e-01
1.51646e+00 3.48354e+00 1.29270e-01
1.51646e+00 3.62452e+00 8.22905e-02
1.51646e+00 3.76115e+00 4.88838e-02
1.51646e+00 3.89290e+00 2.73340e-02
1.51646e+00 4.01926e+00 1.44995e-02
1.51646e+00 4.13974e+00 7.35905e-03
1.51646e+00 4.25388e+00 3.60919e-03
1.51646e+00 4.36124e+00 1.72990e-03
1.51646e+00 4.46139e+00 8.20511e-04
1.51646e+00 4.55396e+00 3.90333e-04
1.51646e+00 4.63857e+00 1.88874e-04
1.51646e+00 4.71492e+00 9.42974e-05
1.51646e+00 4.78270e+00 4.92675e-05
1.51646e+00 4.84164e+00 2.73062e-05
1.51646e+00 4.89153e+00 1.62591e-05
1.51646e+00 4.93216e+00 1.05193e-05
1.51646e+00 4.96339e+00 7.46686e-06
1.51646e+00 4.98508e+00 5.85985e-06
1.51646e+00 4.99717e+00 5.11204e-06
1.66125e+00 2.83399e-03 8.73420e-02
1.66125e+00 1.49201e-02 8.73038e-02
1.66125e+00 3.66148e-02 8.71049e-02
1.66125e+00 6.78390e-02 8.65248e-02
1.66125e+00 1.08473e-01 8.52526e-02
1.66125e+00 1.58358e-01 8.28954e-02
1.66125e+00 2.17304e-01 7.89938e-02
1.66125e+00 2.85080e-01 7.30431e-02
1.66125e+00 3.61426e-01 6.45260e-02
1.66125e+00 4.46045e-01 5.29583e-02
1.66125e+00 5.38610e-01 3.79552e-02
1.66125e+00 6.38764e-01 1.93231e-02
1.66125e+00 7.46119e-01 -2.81378e-03
1.66125e+00 8.60259e-01 -2.78501e-02
1.66125e+00 9.80743e-01 -5.45011e-02
1.66125e+00 1.10710e+00 -8.05941e-02
1.66125e+00 1.23885e+00 -1.02904e-01
1.66125e+00 1.37548e+00 -1.17152e-01
1.66125e+00 1.51646e+00 -1.18375e-01
1.66125e+00 1.66125e+00 -1.01899e-01
1.66125e+00 1.80928e+00 -6.49940e-02
1.66125e+00 1.95998e+00 -8.76736e-03
1.66125e+00 2.11277e+00 6.04909e-02
1.66125e+00 2.26706e+00 1.31594e-01
1.66125e+00 2.42225e+00 1.91679e-01
1.66125e+00 2.57775e+00 2.32087e-01
1.66125e+00 2.73294e+00 2.52155e-01
1.66125e+00 2.88723e+00 2.54929e-01
1.66125e+00 3.04002e+00 2.39710e-01
1.66125e+00 3.19072e+00 2.05042e-01
1.66125e+00 3.33875e+00 1.57638e-01
1.66125e+00 3.48354e+00 1.09805e-01
1.66125e+00 3.62452e+00 7.03799e-02
1.66125e+00 3.76115e+00 4.20430e-02
1.66125e+00 3.89290e+00 2.36238e-02
1.66125e+00 4.01926e+00 1.25858e-02
1.66125e+00 4.13974e+00 6.41249e-03
1.66125e+00 4.25388e+00 3.15573e-03
1.66125e+00 4.36124e+00 1.51713e-03
1.66125e+00 4.46139e+00 7.21499e-04
1.66125e+00 4.55396e+00 3.44026e-04
1.66125e+00 4.63857e+00 1.66802e-04
1.66125e+00 4.71492e+00 8.34218e-05
1.66125e+00 4.78270e+00 4.36495e-05
1.66125e+00 4.84164e+00 2.42223e-05
1.66125e+00 4.89153e+00 1.44374e-05
1.66125e+00 4.93216e+00 9.34827e-06
1.66125e+00 4.96339e+00 6.63962e-06
1.66125e+00 4.98508e+00 5.21280e-06
1.66125e+00 4.99717e+00 4.54861e-06
1.80928e+00 2.83399e-03 2.72194e-01
1.80928e+00 1.49201e-02 2.72146e-01
1.80928e+00 3.66148e-02 2.71898e-01
1.80928e+00 6.78390e-02 2.71174e-01
1.80928e+00 1.08473e-01 2.69585e-01
1.80928e+00 1.58358e-01 2.66637e-01
1.80928e+00 2.17304e-01 2.61750e-01
1.80928e+00 2.85080e-01 2.54273e-01
1.80928e+00 3.61426e-01 2.43522e-01
1.80928e+00 4.46045e-01 2.28819e-01
1.80928e+00 5.38610e-01 2.09559e-01
1.80928e+00 6.38764e-01 1.85297e-01
1.80928e+00 7.46119e-01 1.55876e-01
1.80928e+00 8.60259e-01 1.21587e-01
1.80928e+00 9.80743e-01 8.33774e-02
1.80928e+00 1.10710e+00 4.30770e-02
1.80928e+00 1.23885e+00 3.59872e-03
1.80928e+00 1.37548e+00 -3.09790e-02
1.80928e+00 1.51646e+00 -5.56097e-02
1.80928e+00 1.66125e+00 -6.49940e-02
1.80928e+00 1.80928e+00 -5.50310e-02
1.80928e+00 1.95998e+00 -2.48841e-02
1.80928e+00 2.11277e+00 2.12242e-02
1.80928e+00 2.26706e+00 7.39747e-02
1.80928e+00 2.42225e+00 1.21973e-01
1.80928e+00 2.57775e+00 1.57300e-01
1.80928e+00 2.73294e+00 1.78992e-01
1.80928e+00 2.88723e+00 1.88852e-01
1.80928e+00 3.04002e+00 1.84424e-01
1.80928e+00 3.19072e+00 1.62276e-01
1.80928e+00 3.33875e+00 1.27092e-01
1.80928e+00 3.48354e+00 8.95988e-02
1.80928e+00 3.62452e+00 5.79277e-02
1.80928e+00 3.76115e+00 3.48484e-02
1.80928e+00 3.89290e+00 1.97011e-02
1.80928e+00 4.01926e+00 1.05530e-02
1.80928e+00 4.13974e+00 5.40269e-03
1.80928e+00 4.25388e+00 2.67012e-03
1.80928e+00 4.36124e+00 1.28848e-03
1.80928e+00 4.46139e+00 6.14771e-04
1.80928e+00 4.55396e+00 2.93974e-04
1.80928e+00 4.63857e+00 1.42887e-04
1.80928e+00 4.71492e+00 7.16133e-05
1.80928e+00 4.78270e+00 3.75386e-05
1.80928e+00 4.84164e+00 2.08627e-05
1.80928e+00 4.89153e+00 1.24503e-05
1.80928e+00 4.93216e+00 8.06954e-06
1.80928e+00 4.96339e+00 5.73563e-06
1.80928e+00 4.98508e+00 4.50535e-06
1.80928e+00 4.99717e+00 3.93239e-06
1.95998e+00 2.83399e-03 4.56304e-01
1.95998e+00 1.49201e-02 4.56249e-01
1.95998e+00 3.66148e-02 4.55962e-01
1.95998e+00 6.78390e-02 4.55125e-01
1.95998e+00 1.08473e-01 4.53287e-01
1.95998e+00 1.58358e-01 4.49877e-01
1.95998e+00 2.17304e-01 4.44214e-01
1.95998e+00 2.85080e-01 4.35533e-01
1.95998e+00 3.61426e-01 4.23013e-01
1.95998e+00 4.46045e-01 4.05816e-01
1.95998e+00 5.38610e-01 3.83146e-01
1.95998e+00 6.38764e-01 3.54339e-01
1.95998e+00 7.46119e-01 3.18974e-01
1.95998e+00 8.60259e-01 2.77047e-01
1.95998e+00 9.80743e-01 2.29171e-01
1.95998e+00 1.10710e+00 1.76821e-01
1.95998e+00 1.23885e+00 1.22559e-01
1.95998e+00 1.37548e+00 7.01686e-02
1.95998e+00 1.51646e+00 2.45588e-02
1.95998e+00 1.66125e+00 -8.76736e-03
1.95998e+00 1.80928e+00 -2.48841e-02
1.95998e+00 1.95998e+00 -2.13089e-02
1.95998e+00 2.11277e+00 3.60143e-06
1.95998e+00 2.26706e+00 3.20699e-02
1.95998e+00 2.42225e+00 6.53651e-02
1.95998e+00 2.57775e+00 9.29344e-02
1.95998e+00 2.73294e+00 1.13594e-01
1.95998e+00 2.88723e+00 1.27989e-01
1.95998e+00 3.04002e+00 1.32163e-01
1.95998e+00 3.19072e+00 1.20983e-01
1.95998e+00 3.33875e+00 9.71336e-02
1.95998e+00 3.48354e+00 6.95599e-02
1.95998e+00 3.62452e+00 4.54753e-02
1.95998e+00 3.76115e+00 2.76044e-02
1.95998e+00 3.89290e+00 1.57279e-02
1.95998e+00 4.01926e+00 8.48303e-03
1.95998e+00 4.13974e+00 4.36951e-03
1.95998e+00 4.25388e+00 2.17112e-03
1.95998e+00 4.36124e+00 1.05262e-03
1.95998e+00 4.46139e+00 5.04304e-04
1.95998e+00 4.55396e+00 2.42012e-04
1.95998e+00 4.63857e+00 1.17993e-04
1.95998e+00 4.71492e+00 5.92929e-05
1.95998e+00 4.78270e+00 3.11499e-05
1.95998e+00 4.84164e+00 1.73444e-05
1.95998e+00 4.89153e+00 1.03665e-05
1.95998e+00 4.93216e+00 6.72708e-06
1.95998e+00 4.96339e+00 4.78579e-06
1.95998e+00 4.98508e+00 3.76157e-06
1.95998e+00 4.99717e+00 3.28433e-06
2.11277e+00 2.83399e-03 6.24162e-01
2.11277e+00 1.49201e-02 6.24102e-01
2.11277e+00 3.66148e-02 6.23791e-01
2.11277e+00 6.78390e-02 6.22883e-01
2.11277e+00 1.08473e-01 6.20888e-01
2.11277e+00 1.58358e-01 6.17185e-01
2.11277e+00 2.17304e-01 6.11030e-01
2.11277e+00 2.85080e-01 6.01581e-01
2.11277e+00 3.61426e-01 5.87923e-01
2.11277e+00 4.46045e-01 5.69102e-01
2.11277e+00 5.38610e-01 5.44180e-01
2.11277e+00 6.38764e-01 5.12312e-01
2.11277e+00 7.46119e-01 4.72859e-01
2.11277e+00 8.60259e-01 4.25542e-01
2.11277e+00 9.80743e-01 3.70652e-01
2.11277e+00 1.10710e+00 3.09292e-01
2.11277e+00 1.23885e+00 2.43626e-01
2.11277e+00 1.37548e+00 1.77058e-01
2.11277e+00 1.51646e+00 1.14202e-01
2.11277e+00 1.66125e+00 6.04909e-02
2.11277e+00 1.80928e+00 2.12242e-02
2.11277e+00 1.95998e+00 3.60143e-06
2.11277e+00 2.11277e+00 -3.09772e-03
2.11277e+00 2.26706e+00 7.52800e-03
2.11277e+00 2.42225e+00 2.46700e-02
2.11277e+00 2.57775e+00 4.25795e-02
2.11277e+00 2.73294e+00 5.98495e-02
2.11277e+00 2.88723e+00 7.60110e-02
2.11277e+00 3.04002e+00 8.59807e-02
2.11277e+00 3.19072e+00 8.34553e-02
2.11277e+00 3.33875e+00 6.93545e-02
2.11277e+00 3.48354e+00 5.07230e-02
2.11277e+00 3.62452e+00 3.36535e-02
2.11277e+00 3.76115e+00 2.06723e-02
2.11277e+00 3.89290e+00 1.18996e-02
2.11277e+00 4.01926e+00 6.47633e-03
2.11277e+00 4.13974e+00 3.36242e-03
2.11277e+00 4.25388e+00 1.68234e-03
2.11277e+00 4.36124e+00 8.20593e-04
2.11277e+00 4.46139e+00 3.95207e-04
2.11277e+00 4.55396e+00 1.90519e-04
2.11277e+00 4.63857e+00 9.32500e-05
2.11277e+00 4.71492e+00 4.70153e-05
2.11277e+00 4.78270e+00 2.47693e-05
2.11277e+00 4.84164e+00 1.38239e-05
2.11277e+00 4.89153e+00 8.27819e-06
2.11277e+00 4.93216e+00 5.38001e-06
2.11277e+00 4.96339e+00 3.83178e-06
2.11277e+00 4.98508e+00 3.01407e-06
2.11277e+00 4.99717e+00 2.63278e-06
2.26706e+00 2.83399e-03 7.56333e-01
2.26706e+00 1.49201e-02 7.56272e-01
2.26706e+00 3.66148e-02 7.55953e-01
2.26706e+00 6.78390e-02 7.55024e-01
2.26706e+00 1.08473e-01 7.52982e-01
2.26706e+00 1.58358e-01 7.49188e-01
2.26706e+00 2.17304e-01 7.42878e-01
2.26706e+00 2.85080e-01 7.33180e-01
2.26706e+00 3.61426e-01 7.19137e-01
2.26706e+00 4.46045e-01 6.99737e-01
2.26706e+00 5.38610e-01 6.73957e-01
2.26706e+00 6.38764e-01 6.40832e-01
2.26706e+00 7.46119e-01 5.99556e-01
2.26706e+00 8.60259e-01 5.49623e-01
2.26706e+00 9.80743e-01 4.91026e-01
2.26706e+00 1.10710e+00 4.24496e-01
2.26706e+00 1.23885e+00 3.51759e-01
2.26706e+00 1.37548e+00 2.75748e-01
2.26706e+00 1.51646e+00 2.00641e-01
2.26706e+00 1.66125e+00 1.31594e-01
2.26706e+00 1.80928e+00 7.39747e-02
2.26706e+00 1.95998e+00 3.20699e-02
2.26706e+00 2.11277e+00 7.52800e-03
2.26706e+00 2.26706e+00 -1.62680e-03
2.26706e+00 2.42225e+00 -1.03906e-04
2.26706e+00 2.57775e+00 7.73099e-03
2.26706e+00 2.73294e+00 2.01779e-02
2.26706e+00 2.88723e+00 3.56483e-02
2.26706e+00 3.04002e+00 4.84092e-02
2.26706e+00 3.19072e+00 5.17444e-02
2.26706e+00 3.33875e+00 4.52546e-02
2.26706e+00 3.48354e+00 3.40976e-02
2.26706e+00 3.62452e+00 2.30933e-02
2.26706e+00 3.76115e+00 1.44211e-02
2.26706e+00 3.89290e+00 8.41923e-03
2.26706e+00 4.01926e+00 4.63883e-03
2.26706e+00 4.13974e+00 2.43433e-03
2.26706e+00 4.25388e+00 1.22933e-03
2.26706e+00 4.36124e+00 6.04451e-04
2.26706e+00 4.46139e+00 2.93126e-04
2.26706e+00 4.55396e+00 1.42147e-04
2.26706e+00 4.63857e+00 6.99267e-05
2.26706e+00 4.71492e+00 3.54077e-05
2.26706e+00 4.78270e+00 1.87214e-05
2.26706e+00 4.84164e+00 1.04799e-05
2.26706e+00 4.89153e+00 6.29099e-06
2.26706e+00 4.93216e+00 4.09638e-06
2.26706e+00 4.96339e+00 2.92174e-06
2.26706e+00 4.98508e+00 2.30048e-06
2.26706e+00 4.99717e+00 2.01055e-06
2.42225e+00 2.83399e-03 8.34728e-01
2.42225e+00 1.49201e-02 8.34669e-01
2.42225e+00 3.66148e-02 8.34361e-01
2.42225e+00 6.78390e-02 8.33461e-01
2.42225e+00 1.08473e-01 8.31486e-01
2.42225e+00 1.58358e-01 8.27815e-01
2.42225e+00 2.17304e-01 8.21705e-01
2.42225e+00 2.85080e-01 8.12305e-01
2.42225e+00 3.61426e-01 7.98674e-01
2.42225e+00 4.46045e-01 7.79801e-01
2.42225e+00 5.38610e-01 7.54649e-01
2.42225e+00 6.38764e-01 7.22201e-01
2.42225e+00 7.46119e-01 6.81552e-01
2.42225e+00 8.60259e-01 6.32034e-01
2.42225e+00 9.80743e-01 5.73390e-01
2.42225e+00 1.10710e+00 5.06001e-01
2.42225e+00 1.23885e+00 4.31142e-01
2.42225e+00 1.37548e+00 3.51209e-01
2.42225e+00 1.51646e+00 2.69824e-01
2.42225e+00 1.66125e+00 1.91679e-01
2.42225e+00 1.80928e+00 1.21973e-01
2.42225e+00 1.95998e+00 6.53651e-02
2.42225e+00 2.11277e+00 2.46700e-02
2.42225e+00 2.26706e+00 -1.03906e-04
2.42225e+00 2.42225e+00 -1.14265e-02
2.42225e+00 2.57775e+00 -1.23606e-02
2.42225e+00 2.73294e+00 -4.98422e-03
2.42225e+00 2.88723e+00 8.04571e-03
2.42225e+00 3.04002e+00 2.08766e-02
2.42225e+00 3.19072e+00 2.72212e-02
2.42225e+00 3.33875e+00 2.59470e-02
2.42225e+00 3.48354e+00 2.04813e-02
2.42225e+00 3.62452e+00 1.43138e-02
2.42225e+00 3.76115e+00 9.16297e-03
2.42225e+00 3.89290e+00 5.46260e-03
2.42225e+00 4.01926e+00 3.06418e-03
2.42225e+00 4.13974e+00 1.63282e-03
2.42225e+00 4.25388e+00 8.35419e-04
2.42225e+00 4.36124e+00 4.15365e-04
2.42225e+00 4.46139e+00 2.03345e-04
2.42225e+00 4.55396e+00 9.94046e-05
2.42225e+00 4.63857e+00 4.92343e-05
2.42225e+00 4.71492e+00 2.50732e-05
2.42225e+00 4.78270e+00 1.33208e-05
2.42225e+00 4.84164e+00 7.48625e-06
2.42225e+00 4.89153e+00 4.50831e-06
2.42225e+00 4.93216e+00 2.94296e-06
2.42225e+00 4.96339e+00 2.10300e-06
2.42225e+00 4.98508e+00 1.65795e-06
2.42225e+00 4.99717e+00 1.45001e-06
2.57775e+00 2.83399e-03 8.50590e-01
2.57775e+00 1.49201e-02 8.50536e-01
2.57775e+00 3.66148e-02 8.50255e-01
2.57775e+00 6.78390e-02 8.49433e-01
2.57775e+00 1.08473e-01 8.47629e-01
2.57775e+00 1.58358e-01 8.44275e-01
2.57775e+00 2.17304e-01 8.38690e-01
2.57775e+00 2.85080e-01 8.30090e-01
2.57775e+00 3.61426e-01 8.17602e-01
2.57775e+00 4.46045e-01 8.00280e-01
2.57775e+00 5.38610e-01 7.77134e-01
2.57775e+00 6.38764e-01 7.47171e-01
2.57775e+00 7.46119e-01 7.09464e-01
2.57775e+00 8.60259e-01 6.63255e-01
2.57775e+00 9.80743e-01 6.08109e-01
2.57775e+00 1.10710e+00 5.44110e-01
2.57775e+00 1.23885e+00 4.72104e-01
2.57775e+00 1.37548e+00 3.93928e-01
2.57775e+00 1.51646e+00 3.12563e-01
2.57775e+00 1.66125e+00 2.32087e-01
2.57775e+00 1.80928e+00 1.57300e-01
2.57775e+00 1.95998e+00 9.29344e-02
2.57775e+00 2.11277e+00 4.25795e-02
2.57775e+00 2.26706e+00 7.73099e-03
2.57775e+00 2.42225e+00 -1.23606e-02
2.57775e+00 2.57775e+00 -1.97797e-02
2.57775e+00 2.73294e+00 -1.69949e-02
2.57775e+00 2.88723e+00 -7.47009e-03
2.57775e+00 3.04002e+00 3.34642e-03
2.57775e+00 3.19072e+00 1.02544e-02
2.57775e+00 3.33875e+00 1.19148e-02
2.57775e+00 3.48354e+00 1.02931e-02
2.57775e+00 3.62452e+00 7.61624e-03
2.57775e+00 3.76115e+00 5.09130e-03
2.57775e+00 3.89290e+00 3.14391e-03
2.57775e+00 4.01926e+00 1.81554e-03
2.57775e+00 4.13974e+00 9.91027e-04
2.57775e+00 4.25388e+00 5.17282e-04
2.57775e+00 4.36124e+00 2.61499e-04
2.57775e+00 4.46139e+00 1.29805e-04
2.57775e+00 4.55396e+00 6.41928e-05
2.57775e+00 4.63857e+00 3.21025e-05
2.57775e+00 4.71492e+00 1.64804e-05
2.57775e+00 4.78270e+00 8.81402e-06
2.57775e+00 4.84164e+00 4.98045e-06
2.57775e+00 4.89153e+00 3.01242e-06
2.57775e+00 4.93216e+00 1.97319e-06
2.57775e+00 4.96339e+00 1.41360e-06
2.57775e+00 4.98508e+00 1.11636e-06
2.57775e+00 4.99717e+00 9.77269e-07
2.73294e+00 2.83399e-03 8.09305e-01
2.73294e+00 1.49201e-02 8.09258e-01
2.73294e+00 3.66148e-02 8.09016e-01
2.73294e+00 6.78390e-02 8.08309e-01
2.73294e+00 1.08473e-01 8.06755e-01
2.73294e+00 1.58358e-01 8.03866e-01
2.73294e+00 2.17304e-01 7.99052e-01
2.73294e+00 2.85080e-01 7.91634e-01
2.73294e+00 3.61426e-01 7.80850e-01
2.73294e+00 4.46045e-01 7.65866e-01
2.73294e+00 5.38610e-01 7.45798e-01
2.73294e+00 6.38764e-01 7.19739e-01
2.73294e+00 7.46119e-01 6.86812e-01
2.73294e+00 8.60259e-01 6.46249e-01
2.73294e+00 9.80743e-01 5.97516e-01
2.73294e+00 1.10710e+00 5.40479e-01
2.73294e+00 1.23885e+00 4.75615e-01
2.73294e+00 1.37548e+00 4.04228e-01
2.73294e+00 1.51646e+00 3.28625e-01
2.73294e+00 1.66125e+00 2.52155e-01
2.73294e+00 1.80928e+00 1.78992e-01
2.73294e+00 1.95998e+00 1.13594e-01
2.73294e+00 2.11277e+00 5.98495e-02
2.73294e+00 2.26706e+00 2.01779e-02
2.73294e+00 2.42225e+00 -4.98422e-03
2.73294e+00 2.57775e+00 -1.69949e-02
2.73294e+00 2.73294e+00 -1.84716e-02
2.73294e+00 2.88723e+00 -1.31396e-02
2.73294e+00 3.04002e+00 -5.63258e-03
2.73294e+00 3.19072e+00 1.48772e-04
2.73294e+00 3.33875e+00 2.91749e-03
2.73294e+00 3.48354e+00 3.49032e-03
2.73294e+00 3.62452e+00 3.02361e-03
2.73294e+00 3.76115e+00 2.24141e-03
2.73294e+00 3.89290e+00 1.49272e-03
2.73294e+00 4.01926e+00 9.12949e-04
2.73294e+00 4.13974e+00 5.21011e-04
2.73294e+00 4.25388e+00 2.81637e-04
2.73294e+00 4.36124e+00 1.46401e-04
2.73294e+00 4.46139e+00 7.43216e-05
2.73294e+00 4.55396e+00 3.74301e-05
2.73294e+00 4.63857e+00 1.89986e-05
2.73294e+00 4.71492e+00 9.87225e-06
2.73294e+00 4.78270e+00 5.33222e-06
2.73294e+00 4.84164e+00 3.03715e-06
2.73294e+00 4.89153e+00 1.84870e-06
2.73294e+00 4.93216e+00 1.21690e-06
2.73294e+00 4.96339e+00 8.74962e-07
2.73294e+00 4.98508e+00 6.92679e-07
2.73294e+00 4.99717e+00 6.07190e-07
2.88723e+00 2.83399e-03 7.25125e-01
2.88723e+00 1.49201e-02 7.25087e-01
2.88723e+00 3.66148e-02 7.24891e-01
2.88723e+00 6.78390e-02 7.24317e-01
2.88723e+00 1.08473e-01 7.23058e-01
2.88723e+00 1.58358e-01 7.20715e-01
2.88723e+00 2.17304e-01 7.16809e-01
2.88723e+00 2.85080e-01 7.10787e-01
2.88723e+00 3.61426e-01 7.02022e-01
2.88723e+00 4.46045e-01 6.89825e-01
2.88723e+00 5.38610e-01 6.73455e-01
2.88723e+00 6.38764e-01 6.52138e-01
2.88723e+00 7.46119e-01 6.25104e-01
2.88723e+00 8.60259e-01 5.91645e-01
2.88723e+00 9.80743e-01 5.51209e-01
2.88723e+00 1.10710e+00 5.03531e-01
2.88723e+00 1.23885e+00 4.48805e-01
2.88723e+00 1.37548e+00 3.87872e-01
2.88723e+00 1.51646e+00 3.22393e-01
2.88723e+00 1.66125e+00 2.54929e-01
2.88723e+00 1.80928e+00 1.88852e-01
2.88723e+00 1.95998e+00 1.27989e-01
2.88723e+00 2.11277e+00 7.60110e-02
2.88723e+00 2.26706e+00 3.56483e-02
2.88723e+00 2.42225e+00 8.04571e-03
2.88723e+00 2.57775e+00 -7.47009e-03
2.88723e+00 2.73294e+00 -1.31396e-02
2.88723e+00 2.88723e+00 -1.22634e-02
2.88723e+00 3.04002e+00 -8.46772e-03
2.88723e+00 3.19072e+00 -4.59537e-03
2.88723e+00 3.33875e+00 -1.89855e-03
2.88723e+00 3.48354e+00 -3.92564e-04
2.88723e+00 3.62452e+00 2.91929e-04
2.88723e+00 3.76115e+00 4.91933e-04
2.88723e+00 3.89290e+00 4.52203e-04
2.88723e+00 4.01926e+00 3.31374e-04
2.88723e+00 4.13974e+00 2.12355e-04
2.88723e+00 4.25388e+00 1.24358e-04
2.88723e+00 4.36124e+00 6.85074e-05
2.88723e+00 4.46139e+00 3.63255e-05
2.88723e+00 4.55396e+00 1.89164e-05
2.88723e+00 4.63857e+00 9.85552e-06
2.88723e+00 4.71492e+00 5.22783e-06
2.88723e+00 4.78270e+00 2.87015e-06
2.88723e+00 4.84164e+00 1.65603e-06
2.88723e+00 4.89153e+00 1.01826e-06
2.88723e+00 4.93216e+00 6.75456e-07
2.88723e+00 4.96339e+00 4.88410e-07
2.88723e+00 4.98508e+00 3.88126e-07
2.88723e+00 4.99717e+00 3.40926e-07
3.04002e+00 2.83399e-03 6.11039e-01
3.04002e+00 1.49201e-02 6.11010e-01
3.04002e+00 3.66148e-02 6.10860e-01
3.04002e+00 6.78390e-02 6.10424e-01
3.04002e+00 1.08473e-01 6.09464e-01
3.04002e+00 1.58358e-01 6.07679e-01
3.04002e+00 2.17304e-01 6.04702e-01
3.04002e+00 2.85080e-01 6.00108e-01
3.04002e+00 3.61426e-01 5.93415e-01
3.04002e+00 4.46045e-01 5.84089e-01
3.04002e+00 5.38610e-01 5.71548e-01
3.04002e+00 6.38764e-01 5.55175e-01
3.04002e+00 7.46119e-01 5.34343e-01
3.04002e+00 8.60259e-01 5.08451e-01
3.04002e+00 9.80743e-01 4.76996e-01
3.04002e+00 1.10710e+00 4.39666e-01
3.04002e+00 1.23885e+00 3.96470e-01
3.04002e+00 1.37548e+00 3.47893e-01
3.04002e+00 1.51646e+00 2.95034e-01
3.04002e+00 1.66125e+00 2.39710e-01
3.04002e+00 1.80928e+00 1.84424e-01
3.04002e+00 1.95998e+00 1.32163e-01
3.04002e+00 2.11277e+00 8.59807e-02
3.04002e+00 2.26706e+00 4.84092e-02
3.04002e+00 2.42225e+00 2.08766e-02
3.04002e+00 2.57775e+00 3.34642e-03
3.04002e+00 2.73294e+00 -5.63258e-03
3.04002e+00 2.88723e+00 -8.46772e-03
3.04002e+00 3.04002e+00 -7.80603e-03
3.04002e+00 3.19072e+00 -5.80121e-03
3.04002e+00 3.33875e+00 -3.72382e-03
3.04002e+00 3.48354e+00 -2.09129e-03
3.04002e+00 3.62452e+00 -1.00760e-03
3.04002e+00 3.76115e+00 -3.92464e-04
3.04002e+00 3.89290e+00 -9.96150e-05
3.04002e+00 4.01926e+00 1.07342e-05
3.04002e+00 4.13974e+00 3.66828e-05
3.04002e+00 4.25388e+00 3.24630e-05
3.04002e+00 4.36124e+00 2.19940e-05
3.04002e+00 4.46139e+00 1.32216e-05
3.04002e+00 4.55396e+00 7.48730e-06
3.04002e+00 4.63857e+00 4.13944e-06
3.04002e+00 4.71492e+00 2.29353e-06
3.04002e+00 4.78270e+00 1.30103e-06
3.04002e+00 4.84164e+00 7.69519e-07
3.04002e+00 4.89153e+00 4.82133e-07
3.04002e+00 4.93216e+00 3.24336e-07
3.04002e+00 4.96339e+00 2.36897e-07
3.04002e+00 4.98508e+00 1.89515e-07
3.04002e+00 4.99717e+00 1.67070e-07
3.19072e+00 2.83399e-03 4.78910e-01
3.19072e+00 1.49201e-02 4.78890e-01
3.19072e+00 3.66148e-02 4.78783e-01
3.19072e+00 6.78390e-02 4.78471e-01
3.19072e+00 1.08473e-01 4.77785e-01
3.19072e+00 1.58358e-01 4.76510e-01
3.19072e+00 2.17304e-01 4.74382e-01
3.19072e+00 2.85080e-01 4.71096e-01
3.19072e+00 3.61426e-01 4.66304e-01
3.19072e+00 4.46045e-01 4.59619e-01
3.19072e+00 5.38610e-01 4.50612e-01
3.19072e+00 6.38764e-01 4.38827e-01
3.19072e+00 7.46119e-01 4.23787e-01
3.19072e+00 8.60259e-01 4.05025e-01
3.19072e+00 9.80743e-01 3.82126e-01
3.19072e+00 1.10710e+00 3.54796e-01
3.19072e+00 1.23885e+00 3.22955e-01
3.19072e+00 1.37548e+00 2.86844e-01
3.19072e+00 1.51646e+00 2.47140e-01
3.19072e+00 1.66125e+00 2.05042e-01
3.19072e+00 1.80928e+00 1.62276e-01
3.19072e+00 1.95998e+00 1.20983e-01
3.19072e+00 2.11277e+00 8.34553e-02
3.19072e+00 2.26706e+00 5.17444e-02
3.19072e+00 2.42225e+00 2.72212e-02
3.19072e+00 2.57775e+00 1.02544e-02
3.19072e+00 2.73294e+00 1.48772e-04
3.19072e+00 2.88723e+00 -4.59537e-03
3.19072e+00 3.04002e+00 -5.80121e-03
3.19072e+00 3.19072e+00 -5.12479e-03
3.19072e+00 3.33875e+00 -3.76162e-03
3.19072e+00 3.48354e+00 -2.40745e-03
3.19072e+00 3.62452e+00 -1.36674e-03
3.19072e+00 3.76115e+00 -6.92745e-04
3.19072e+00 3.89290e+00 -3.13671e-04
3.19072e+00 4.01926e+00 -1.25897e-04
3.19072e+00 4.13974e+00 -4.35518e-05
3.19072e+00 4.25388e+00 -1.17852e-05
3.19072e+00 4.36124e+00 -1.34349e-06
3.19072e+00 4.46139e+00 1.24533e-06
3.19072e+00 4.55396e+00 1.40596e-06
3.19072e+00 4.63857e+00 1.03303e-06
3.19072e+00 4.71492e+00 6.71321e-07
3.19072e+00 4.78270e+00 4.21424e-07
3.19072e+00 4.84164e+00 2.66985e-07
3.19072e+00 4.89153e+00 1.75518e-07
3.19072e+00 4.93216e+00 1.22147e-07
3.19072e+00 4.96339e+00 9.13310e-08
3.19072e+00 4.98508e+00 7.41754e-08
3.19072e+00 4.99717e+00 6.59177e-08
3.33875e+00 2.83399e-03 3.46061e-01
3.33875e+00 1.49201e-02 3.46048e-01
3.33875e+00 3.66148e-02 3.45976e-01
3.33875e+00 6.78390e-02 3.45768e-01
3.33875e+00 1.08473e-01 3.45309e-01
3.33875e+00 1.58358e-01 3.44455e-01
3.33875e+00 2.17304e-01 3.43031e-01
3.33875e+00 2.85080e-01 3.40829e-01
3.33875e+00 3.61426e-01 3.37617e-01
3.33875e+00 4.46045e-01 3.33129e-01
3.33875e+00 5.38610e-01 3.27073e-01
3.33875e+00 6.38764e-01 3.19132e-01
3.33875e+00 7.46119e-01 3.08970e-01
3.33875e+00 8.60259e-01 2.96251e-01
3.33875e+00 9.80743e-01 2.80666e-01
3.33875e+00 1.10710e+00 2.61975e-01
3.33875e+00 1.23885e+00 2.40072e-01
3.33875e+00 1.37548e+00 2.15061e-01
3.33875e+00 1.51646e+00 1.87334e-01
3.33875e+00 1.66125e+00 1.57638e-01
3.33875e+00 1.80928e+00 1.27092e-01
3.33875e+00 1.95998e+00 9.71336e-02
3.33875e+00 2.11277e+00 6.93545e-02
3.33875e+00 2.26706e+00 4.52546e-02
3.33875e+00 2.42225e+00 2.59470e-02
3.33875e+00 2.57775e+00 1.19148e-02
3.33875e+00 2.73294e+00 2.91749e-03
3.33875e+00 2.88723e+00 -1.89855e-03
3.33875e+00 3.04002e+00 -3.72382e-03
3.33875e+00 3.19072e+00 -3.76162e-03
3.33875e+00 3.33875e+00 -2.98432e-03
3.33875e+00 3.48354e+00 -2.03070e-03
3.33875e+00 3.62452e+00 -1.22571e-03
3.33875e+00 3.76115e+00 -6.68008e-04
3.33875e+00 3.89290e+00 -3.32730e-04
3.33875e+00 4.01926e+00 -1.52962e-04
3.33875e+00 4.13974e+00 -6.54540e-05
3.33875e+00 4.25388e+00 -2.62564e-05
3.33875e+00 4.36124e+00 -9.91982e-06
3.33875e+00 4.46139e+00 -3.52776e-06
3.33875e+00 4.55396e+00 -1.16546e-06
3.33875e+00 4.63857e+00 -3.40282e-07
3.33875e+00 4.71492e+00 -7.07650e-08
3.33875e+00 4.78270e+00 8.23410e-09
3.33875e+00 4.84164e+00 2.59999e-08
3.33875e+00 4.89153e+00 2.61217e-08
3.33875e+00 4.93216e+00 2.24343e-08
3.33875e+00 4.96339e+00 1.89104e-08
3.33875e+00 4.98508e+00 1.64555e-08
3.33875e+00 4.99717e+00 1.51362e-08
3.48354e+00 2.83399e-03 2.30865e-01
3.48354e+00 1.49201e-02 2.30856e-01
3.48354e+00 3.66148e-02 2.30811e-01
3.48354e+00 6.78390e-02 2.30680e-01
3.48354e+00 1.08473e-01 2.30393e-01
3.48354e+00 1.58358e-01 2.29858e-01
3.48354e+00 2.17304e-01 2.28964e-01
3.48354e+00 2.85080e-01 2.27583e-01
3.48354e+00 3.61426e-01 2.25565e-01
3.48354e+00 4.46045e-01 2.22742e-01
3.48354e+00 5.38610e-01 2.18928e-01
3.48354e+00 6.38764e-01 2.13917e-01
3.48354e+00 7.46119e-01 2.07488e-01
3.48354e+00 8.60259e-01 1.99417e-01
3.48354e+00 9.80743e-01 1.89493e-01
3.48354e+00 1.10710e+00 1.77540e-01
3.48354e+00 1.23885e+00 1.63467e-01
3.48354e+00 1.37548e+00 1.47305e-01
3.48354e+00 1.51646e+00 1.29270e-01
3.48354e+00 1.66125e+00 1.09805e-01
3.48354e+00 1.80928e+00 8.95988e-02
3.48354e+00 1.95998e+00 6.95599e-02
3.48354e+00 2.11277e+00 5.07230e-02
3.48354e+00 2.26706e+00 3.40976e-02
3.48354e+00 2.42225e+00 2.04813e-02
3.48354e+00 2.57775e+00 1.02931e-02
3.48354e+00 2.73294e+00 3.49032e-03
3.48354e+00 2.88723e+00 -3.92564e-04
3.48354e+00 3.04002e+00 -2.09129e-03
3.48354e+00 3.19072e+00 -2.40745e-03
3.48354e+00 3.33875e+00 -2.03070e-03
3.48354e+00 3.48354e+00 -1.44170e-03
3.48354e+00 3.62452e+00 -9.03326e-04
3.48354e+00 3.76115e+00 -5.11578e-04
3.48354e+00 3.89290e+00 -2.66050e-04
3.48354e+00 4.01926e+00 -1.28718e-04
3.48354e+00 4.13974e+00 -5.86442e-05
3.48354e+00 4.25388e+00 -2.54715e-05
3.48354e+00 4.36124e+00 -1.06824e-05
3.48354e+00 4.46139e+00 -4.38417e-06
3.48354e+00 4.55396e+00 -1.78556e-06
3.48354e+00 4.63857e+00 -7.32176e-07
3.48354e+00 4.71492e+00 -3.06801e-07
3.48354e+00 4.78270e+00 -1.33386e-07
3.48354e+00 4.84164e+00 -6.11244e-08
3.48354e+00 4.89153e+00 -3.00231e-08
3.48354e+00 4.93216e+00 -1.61032e-08
3.48354e+00 4.96339e+00 -9.63551e-09
3.48354e+00 4.98508e+00 -6.58993e-09
3.48354e+00 4.99717e+00 -5.27882e-09
3.62452e+00 2.83399e-03 1.43229e-01
3.62452e+00 1.49201e-02 1.43224e-01
3.62452e+00 3.66148e-02 1.43198e-01
3.62452e+00 6.78390e-02 1.43121e-01
3.62452e+00 1.08473e-01 1.42952e-01
3.62452e+00 1.58358e-01 1.42637e-01
3.62452e+00 2.17304e-01 1.42110e-01
3.62452e+00 2.85080e-01 1.41297e-01
3.62452e+00 3.61426e-01 1.40107e-01
3.62452e+00 4.46045e-01 1.38441e-01
3.62452e+00 5.38610e-01 1.36186e-01
3.62452e+00 6.38764e-01 1.33217e-01
3.62452e+00 7.46119e-01 1.29401e-01
3.62452e+00 8.60259e-01 1.24597e-01
3.62452e+00 9.80743e-01 1.18669e-01
3.62452e+00 1.10710e+00 1.11505e-01
3.62452e+00 1.23885e+00 1.03033e-01
3.62452e+00 1.37548e+00 9.32579e-02
3.62452e+00 1.51646e+00 8.22905e-02
3.62452e+00 1.66125e+00 7.03799e-02
3.62452e+00 1.80928e+00 5.79277e-02
3.62452e+00 1.95998e+00 4.54753e-02
3.62452e+00 2.11277e+00 3.36535e-02
3.62452e+00 2.26706e+00 2.30933e-02
3.62452e+00 2.42225e+00 1.43138e-02
3.62452e+00 2.57775e+00 7.61624e-03
3.62452e+00 2.73294e+00 3.02361e-03
3.62452e+00 2.88723e+00 2.91929e-04
3.62452e+00 3.04002e+00 -1.00760e-03
3.62452e+00 3.19072e+00 -1.36674e-03
3.62452e+00 3.33875e+00 -1.22571e-03
3.62452e+00 3.48354e+00 -9.03326e-04
3.62452e+00 3.62452e+00 -5.82858e-04
3.62452e+00 3.76115e+00 -3.39105e-04
3.62452e+00 3.89290e+00 -1.81211e-04
3.62452e+00 4.01926e+00 -9.02477e-05
3.62452e+00 4.13974e+00 -4.24505e-05
3.62452e+00 4.25388e+00 -1.91126e-05
3.62452e+00 4.36124e+00 -8.35152e-06
3.62452e+00 4.46139e+00 -3.59372e-06
3.62452e+00 4.55396e+00 -1.54625e-06
3.62452e+00 4.63857e+00 -6.75842e-07
3.62452e+00 4.71492e+00 -3.04968e-07
3.62452e+00 4.78270e+00 -1.44396e-07
3.62452e+00 4.84164e+00 -7.28939e-08
3.62452e+00 4.89153e+00 -3.98408e-08
3.62452e+00 4.93216e+00 -2.39151e-08
3.62452e+00 4.96339e+00 -1.59678e-08
3.62452e+00 4.98508e+00 -1.19850e-08
3.62452e+00 4.99717e+00 -1.01910e-08
3.76115e+00 2.83399e-03 8.32776e-02
3.76115e+00 1.49201e-02 8.32748e-02
3.76115e+00 3.66148e-02 8.32602e-02
3.76115e+00 6.78390e-02 8.32175e-02
3.76115e+00 1.08473e-01 8.31236e-02
3.76115e+00 1.58358e-01 8.29488e-02
3.76115e+00 2.17304e-01 8.26569e-02
3.76115e+00 2.85080e-01 8.22050e-02
3.76115e+00 3.61426e-01 8.15439e-02
3.76115e+00 4.46045e-01 8.06173e-02
3.76115e+00 5.38610e-01 7.93615e-02
3.76115e+00 6.38764e-01 7.77054e-02
3.76115e+00 7.46119e-01 7.55716e-02
3.76115e+00 8.60259e-01 7.28787e-02
3.76115e+00 9.80743e-01 6.95465e-02
3.76115e+00 1.10710e+00 6.55052e-02
3.76115e+00 1.23885e+00 6.07083e-02
3.76115e+00 1.37548e+00 5.51497e-02
3.76115e+00 1.51646e+00 4.88838e-02
3.76115e+00 1.66125e+00 4.20430e-02
3.76115e+00 1.80928e+00 3.48484e-02
3.76115e+00 1.95998e+00 2.76044e-02
3.76115e+00 2.11277e+00 2.06723e-02
3.76115e+00 2.26706e+00 1.44211e-02
3.76115e+00 2.42225e+00 9.16297e-03
3.76115e+00 2.57775e+00 5.09130e-03
3.76115e+00 2.73294e+00 2.24141e-03
3.76115e+00 2.88723e+00 4.91933e-04
3.76115e+00 3.04002e+00 -3.92464e-04
3.76115e+00 3.19072e+00 -6.92745e-04
3.76115e+00 3.33875e+00 -6.68008e-04
3.76115e+00 3.48354e+00 -5.11578e-04
3.76115e+00 3.62452e+00 -3.39105e-04
3.76115e+00 3.76115e+00 -2.01746e-04
3.76115e+00 3.89290e+00 -1.10047e-04
3.76115e+00 4.01926e+00 -5.59224e-05
3.76115e+00 4.13974e+00 -2.68522e-05
3.76115e+00 4.25388e+00 -1.23534e-05
3.76115e+00 4.36124e+00 -5.52302e-06
3.76115e+00 4.46139e+00 -2.43544e-06
3.76115e+00 4.55396e+00 -1.07562e-06
3.76115e+00 4.63857e+00 -4.83350e-07
3.76115e+00 4.71492e+00 -2.24545e-07
3.76115e+00 4.78270e+00 -1.09552e-07
3.76115e+00 4.84164e+00 -5.69924e-08
3.76115e+00 4.89153e+00 -3.20686e-08
3.76115e+00 4.93216e+00 -1.97701e-08
3.76115e+00 4.96339e+00 -1.35029e-08
3.76115e+00 4.98508e+00 -1.03089e-08
3.76115e+00 4.99717e+00 -8.85384e-09
3.89290e+00 2.83399e-03 4.56965e-02
3.89290e+00 1.49201e-02 4.56950e-02
3.89290e+00 3.66148e-02 4.56874e-02
3.89290e+00 6.78390e-02 4.56649e-02
3.89290e+00 1.08473e-01 4.56157e-02
3.89290e+00 1.58358e-01 4.55238e-02
3.89290e+00 2.17304e-01 4.53704e-02
3.89290e+00 2.85080e-01 4.51329e-02
3.89290e+00 3.61426e-01 4.47851e-02
3.89290e+00 4.46045e-01 4.42971e-02
3.89290e+00 5.38610e-01 4.36349e-02
3.89290e+00 6.38764e-01 4.27601e-02
3.89290e+00 7.46119e-01 4.16308e-02
3.89290e+00 8.60259e-01 4.02022e-02
3.89290e+00 9.80743e-01 3.84296e-02
3.89290e+00 1.10710e+00 3.62730e-02
3.89290e+00 1.23885e+00 3.37044e-02
3.89290e+00 1.37548e+00 3.07164e-02
3.89290e+00 1.51646e+00 2.73340e-02
3.89290e+00 1.66125e+00 2.36238e-02
3.89290e+00 1.80928e+00 1.97011e-02
3.89290e+00 1.95998e+00 1.57279e-02
3.89290e+00 2.11277e+00 1.18996e-02
3.89290e+00 2.26706e+00 8.41923e-03
3.89290e+00 2.42225e+00 5.46260e-03
3.89290e+00 2.57775e+00 3.14391e-03
3.89290e+00 2.73294e+00 1.49272e-03
3.89290e+00 2.88723e+00 4.52203e-04
3.89290e+00 3.04002e+00 -9.96150e-05
3.89290e+00 3.19072e+00 -3.13671e-04
3.89290e+00 3.33875e+00 -3.32730e-04
3.89290e+00 3.48354e+00 -2.66050e-04
3.89290e+00 3.62452e+00 -1.81211e-04
3.89290e+00 3.76115e+00 -1.10047e-04
3.89290e+00 3.89290e+00 -6.10831e-05
3.89290e+00 4.01926e+00 -3.15392e-05
3.89290e+00 4.13974e+00 -1.53777e-05
3.89290e+00 4.25388e+00 -7.18253e-06
3.89290e+00 4.36124e+00 -3.26060e-06
3.89290e+00 4.46139e+00 -1.46027e-06
3.89290e+00 4.55396e+00 -6.55173e-07
3.89290e+00 4.63857e+00 -2.99143e-07
3.89290e+00 4.71492e+00 -1.41200e-07
3.89290e+00 4.78270e+00 -6.99736e-08
3.89290e+00 4.84164e+00 -3.69503e-08
3.89290e+00 4.89153e+00 -2.10802e-08
3.89290e+00 4.93216e+00 -1.31545e-08
3.89290e+00 4.96339e+00 -9.07421e-09
3.89290e+00 4.98508e+00 -6.97820e-09
3.89290e+00 4.99717e+00 -6.01829e-09
4.01926e+00 2.83399e-03 2.38357e-02
4.01926e+00 1.49201e-02 2.38350e-02
4.01926e+00 3.66148e-02 2.38311e-02
4.01926e+00 6.78390e-02 2.38199e-02
4.01926e+00 1.08473e-01 2.37952e-02
4.01926e+00 1.58358e-01 2.37493e-02
4.01926e+00 2.17304e-01 2.36724e-02
4.01926e+00 2.85080e-01 2.35533e-02
4.01926e+00 3.61426e-01 2.33789e-02
4.01926e+00 4.46045e-01 2.31340e-02
4.01926e+00 5.38610e-01 2.28011e-02
4.01926e+00 6.38764e-01 2.23608e-02
4.01926e+00 7.46119e-01 2.17913e-02
4.01926e+00 8.60259e-01 2.10691e-02
4.01926e+00 9.80743e-01 2.01709e-02
4.01926e+00 1.10710e+00 1.90749e-02
4.01926e+00 1.23885e+00 1.77654e-02
4.01926e+00 1.37548e+00 1.62367e-02
4.01926e+00 1.51646e+00 1.44995e-02
4.01926e+00 1.66125e+00 1.25858e-02
4.01926e+00 1.80928e+00 1.05530e-02
4.01926e+00 1.95998e+00 8.48303e-03
4.01926e+00 2.11277e+00 6.47633e-03
4.01926e+00 2.26706e+00 4.63883e-03
4.01926e+00 2.42225e+00 3.06418e-03
4.01926e+00 2.57775e+00 1.81554e-03
4.01926e+00 2.73294e+00 9.12949e-04
4.01926e+00 2.88723e+00 3.31374e-04
4.01926e+00 3.04002e+00 1.07342e-05
4.01926e+00 3.19072e+00 -1.25897e-04
4.01926e+00 3.33875e+00 -1.52962e-04
4.01926e+00 3.48354e+00 -1.28718e-04
4.01926e+00 3.62452e+00 -9.02477e-05
4.01926e+00 3.76115e+00 -5.59224e-05
4.01926e+00 3.89290e+00 -3.15392e-05
4.01926e+00 4.01926e+00 -1.65095e-05
4.01926e+00 4.13974e+00 -8.15067e-06
4.01926e+00 4.25388e+00 -3.85204e-06
4.01926e+00 4.36124e+00 -1.76867e-06
4.01926e+00 4.46139e+00 -8.00941e-07
4.01926e+00 4.55396e+00 -3.63288e-07
4.01926e+00 4.63857e+00 -1.67645e-07
4.01926e+00 4.71492e+00 -7.99493e-08
4.01926e+00 4.78270e+00 -4.00101e-08
4.01926e+00 4.84164e+00 -2.13212e-08
4.01926e+00 4.89153e+00 -1.22639e-08
4.01926e+00 4.93216e+00 -7.70712e-09
4.01926e+00 4.96339e+00 -5.34675e-09
4.01926e+00 4.98508e+00 -4.12852e-09
4.01926e+00 4.99717e+00 -3.56889e-09
4.13974e+00 2.83399e-03 1.19172e-02
4.13974e+00 1.49201e-02 1.19168e-02
4.13974e+00 3.66148e-02 1.19150e-02
4.13974e+00 6.78390e-02 1.19096e-02
4.13974e+00 1.08473e-01 1.18977e-02
4.13974e+00 1.58358e-01 1.18756e-02
4.13974e+00 2.17304e-01 1.18386e-02
4.13974e+00 2.85080e-01 1.17812e-02
4.13974e+00 3.61426e-01 1.16971e-02
4.13974e+00 4.46045e-01 1.15790e-02
4.13974e+00 5.38610e-01 1.14182e-02
4.13974e+00 6.38764e-01 1.12052e-02
4.13974e+00 7.46119e-01 1.09292e-02
4.13974e+00 8.60259e-01 1.05786e-02
4.13974e+00 9.80743e-01 1.01414e-02
4.13974e+00 1.10710e+00 9.60658e-03
4.13974e+00 1.23885e+00 8.96563e-03
4.13974e+00 1.37548e+00 8.21504e-03
4.13974e+00 1.51646e+00 7.35905e-03
4.13974e+00 1.66125e+00 6.41249e-03
4.13974e+00 1.80928e+00 5.40269e-03
4.13974e+00 1.95998e+00 4.36951e-03
4.13974e+00 2.11277e+00 3.36242e-03
4.13974e+00 2.26706e+00 2.43433e-03
4.13974e+00 2.42225e+00 1.63282e-03
4.13974e+00 2.57775e+00 9.91027e-04
4.13974e+00 2.73294e+00 5.21011e-04
4.13974e+00 2.88723e+00 2.12355e-04
4.13974e+00 3.04002e+00 3.66828e-05
4.13974e+00 3.19072e+00 -4.35518e-05
4.13974e+00 3.33875e+00 -6.54540e-05
4.13974e+00 3.48354e+00 -5.86442e-05
4.13974e+00 3.62452e+00 -4.24505e-05
4.13974e+00 3.76115e+00 -2.68522e-05
4.13974e+00 3.89290e+00 -1.53777e-05
4.13974e+00 4.01926e+00 -8.15067e-06
4.13974e+00 4.13974e+00 -4.06773e-06
4.13974e+00 4.25388e+00 -1.94135e-06
4.13974e+00 4.36124e+00 -8.99536e-07
4.13974e+00 4.46139e+00 -4.10880e-07
4.13974e+00 4.55396e+00 -1.87900e-07
4.13974e+00 4.63857e+00 -8.73888e-08
4.13974e+00 4.71492e+00 -4.19835e-08
4.13974e+00 4.78270e+00 -2.11550e-08
4.13974e+00 4.84164e+00 -1.13441e-08
4.13974e+00 4.89153e+00 -6.56132e-09
4.13974e+00 4.93216e+00 -4.14276e-09
4.13974e+00 4.96339e+00 -2.88472e-09
4.13974e+00 4.98508e+00 -2.23337e-09
4.13974e+00 4.99717e+00 -1.93353e-09
4.25388e+00 2.83399e-03 5.76706e-03
4.25388e+00 1.49201e-02 5.76689e-03
4.25388e+00 3.66148e-02 5.76603e-03
4.25388e+00 6.78390e-02 5.76350e-03
4.25388e+00 1.08473e-01 5.75795e-03
4.25388e+00 1.58358e-01 5.74761e-03
4.25388e+00 2.17304e-01 5.73032e-03
4.25388e+00 2.85080e-01 5.70351e-03
4.25388e+00 3.61426e-01 5.66417e-03
4.25388e+00 4.46045e-01 5.60884e-03
4.25388e+00 5.38610e-01 5.53349e-03
4.25388e+00 6.38764e-01 5.43352e-03
4.25388e+00 7.46119e-01 5.30378e-03
4.25388e+00 8.60259e-01 5.13862e-03
4.25388e+00 9.80743e-01 4.93223e-03
4.25388e+00 1.10710e+00 4.67915e-03
4.25388e+00 1.23885e+00 4.37503e-03
4.25388e+00 1.37548e+00 4.01784e-03
4.25388e+00 1.51646e+00 3.60919e-03
4.25388e+00 1.66125e+00 3.15573e-03
4.25388e+00 1.80928e+00 2.67012e-03
4.25388e+00 1.95998e+00 2.17112e-03
4.25388e+00 2.11277e+00 1.68234e-03
4.25388e+00 2.26706e+00 1.22933e-03
4.25388e+00 2.42225e+00 8.35419e-04
4.25388e+00 2.57775e+00 5.17282e-04
4.25388e+00 2.73294e+00 2.81637e-04
4.25388e+00 2.88723e+00 1.24358e-04
4.25388e+00 3.04002e+00 3.24630e-05
4.25388e+00 3.19072e+00 -1.17852e-05
4.25388e+00 3.33875e+00 -2.62564e-05
4.25388e+00 3.48354e+00 -2.54715e-05
4.25388e+00 3.62452e+00 -1.91126e-05
4.25388e+00 3.76115e+00 -1.23534e-05
4.25388e+00 3.89290e+00 -7.18253e-06
4.25388e+00 4.01926e+00 -3.85204e-06
4.25388e+00 4.13974e+00 -1.94135e-06
4.25388e+00 4.25388e+00 -9.34482e-07
4.25388e+00 4.36124e+00 -4.36344e-07
4.25388e+00 4.46139e+00 -2.00723e-07
4.25388e+00 4.55396e+00 -9.23974e-08
4.25388e+00 4.63857e+00 -4.32354e-08
4.25388e+00 4.71492e+00 -2.08889e-08
4.25388e+00 4.78270e+00 -1.05802e-08
4.25388e+00 4.84164e+00 -5.69987e-09
4.25388e+00 4.89153e+00 -3.31012e-09
4.25388e+00 4.93216e+00 -2.09708e-09
4.25388e+00 4.96339e+00 -1.46416e-09
4.25388e+00 4.98508e+00 -1.13570e-09
4.25388e+00 4.99717e+00 -9.84276e-10
4.36124e+00 2.83399e-03 2.73160e-03
4.36124e+00 1.49201e-02 2.73153e-03
4.36124e+00 3.66148e-02 2.73113e-03
4.36124e+00 6.78390e-02 2.72997e-03
4.36124e+00 1.08473e-01 2.72743e-03
4.36124e+00 1.58358e-01 2.72269e-03
4.36124e+00 2.17304e-01 2.71475e-03
4.36124e+00 2.85080e-01 2.70245e-03
4.36124e+00 3.61426e-01 2.68439e-03
4.36124e+00 4.46045e-01 2.65896e-03
4.36124e+00 5.38610e-01 2.62430e-03
4.36124e+00 6.38764e-01 2.57827e-03
4.36124e+00 7.46119e-01 2.51842e-03
4.36124e+00 8.60259e-01 2.44210e-03
4.36124e+00 9.80743e-01 2.34655e-03
4.36124e+00 1.10710e+00 2.22911e-03
4.36124e+00 1.23885e+00 2.08764e-03
4.36124e+00 1.37548e+00 1.92105e-03
4.36124e+00 1.51646e+00 1.72990e-03
4.36124e+00 1.66125e+00 1.51713e-03
4.36124e+00 1.80928e+00 1.28848e-03
4.36124e+00 1.95998e+00 1.05262e-03
4.36124e+00 2.11277e+00 8.20593e-04
4.36124e+00 2.26706e+00 6.04451e-04
4.36124e+00 2.42225e+00 4.15365e-04
4.36124e+00 2.57775e+00 2.61499e-04
4.36124e+00 2.73294e+00 1.46401e-04
4.36124e+00 2.88723e+00 6.85074e-05
4.36124e+00 3.04002e+00 2.19940e-05
4.36124e+00 3.19072e+00 -1.34349e-06
4.36124e+00 3.33875e+00 -9.91982e-06
4.36124e+00 3.48354e+00 -1.06824e-05
4.36124e+00 3.62452e+00 -8.35152e-06
4.36124e+00 3.76115e+00 -5.52302e-06
4.36124e+00 3.89290e+00 -3.26060e-06
4.36124e+00 4.01926e+00 -1.76867e-06
4.36124e+00 4.13974e+00 -8.99536e-07
4.36124e+00 4.25388e+00 -4.36344e-07
4.36124e+00 4.36124e+00 -2.05123e-07
4.36124e+00 4.46139e+00 -9.49303e-08
4.36124e+00 4.55396e+00 -4.39385e-08
4.36124e+00 4.63857e+00 -2.06630e-08
4.36124e+00 4.71492e+00 -1.00287e-08
4.36124e+00 4.78270e+00 -5.10034e-09
4.36124e+00 4.84164e+00 -2.75769e-09
4.36124e+00 4.89153e+00 -1.60651e-09
4.36124e+00 4.93216e+00 -1.02043e-09
4.36124e+00 4.96339e+00 -7.13898e-10
4.36124e+00 4.98508e+00 -5.54540e-10
4.36124e+00 4.99717e+00 -4.80988e-10
4.46139e+00 2.83399e-03 1.28215e-03
4.46139e+00 1.49201e-02 1.28212e-03
4.46139e+00 3.66148e-02 1.28194e-03
4.46139e+00 6.78390e-02 1.28141e-03
4.46139e+00 1.08473e-01 1.28025e-03
4.46139e+00 1.58358e-01 1.27809e-03
4.46139e+00 2.17304e-01 1.27447e-03
4.46139e+00 2.85080e-01 1.26886e-03
4.46139e+00 3.61426e-01 1.26062e-03
4.46139e+00 4.46045e-01 1.24901e-03
4.46139e+00 5.38610e-01 1.23317e-03
4.46139e+00 6.38764e-01 1.21211e-03
4.46139e+00 7.46119e-01 1.18469e-03
4.46139e+00 8.60259e-01 1.14967e-03
4.46139e+00 9.80743e-01 1.10574e-03
4.46139e+00 1.10710e+00 1.05163e-03
4.46139e+00 1.23885e+00 9.86314e-04
4.46139e+00 1.37548e+00 9.09208e-04
4.46139e+00 1.51646e+00 8.20511e-04
4.46139e+00 1.66125e+00 7.21499e-04
4.46139e+00 1.80928e+00 6.14771e-04
4.46139e+00 1.95998e+00 5.04304e-04
4.46139e+00 2.11277e+00 3.95207e-04
4.46139e+00 2.26706e+00 2.93126e-04
4.46139e+00 2.42225e+00 2.03345e-04
4.46139e+00 2.57775e+00 1.29805e-04
4.46139e+00 2.73294e+00 7.43216e-05
4.46139e+00 2.88723e+00 3.63255e-05
4.46139e+00 3.04002e+00 1.32216e-05
4.46139e+00 3.19072e+00 1.24533e-06
4.46139e+00 3.33875e+00 -3.52776e-06
4.46139e+00 3.48354e+00 -4.38417e-06
4.46139e+00 3.62452e+00 -3.59372e-06
4.46139e+00 3.76115e+00 -2.43544e-06
4.46139e+00 3.89290e+00 -1.46027e-06
4.46139e+00 4.01926e+00 -8.00941e-07
4.46139e+00 4.13974e+00 -4.10880e-07
4.46139e+00 4.25388e+00 -2.00723e-07
4.46139e+00 4.36124e+00 -9.49303e-08
4.46139e+00 4.46139e+00 -4.41663e-08
4.46139e+00 4.55396e+00 -2.05388e-08
4.46139e+00 4.63857e+00 -9.69961e-09
4.46139e+00 4.71492e+00 -4.72545e-09
4.46139e+00 4.78270e+00 -2.41134e-09
4.46139e+00 4.84164e+00 -1.30762e-09
4.46139e+00 4.89153e+00 -7.63681e-10
4.46139e+00 4.93216e+00 -4.86083e-10
4.46139e+00 4.96339e+00 -3.40614e-10
4.46139e+00 4.98508e+00 -2.64880e-10
4.46139e+00 4.99717e+00 -2.29892e-10
4.55396e+00 2.83399e-03 6.04375e-04
4.55396e+00 1.49201e-02 6.04360e-04
4.55396e+00 3.66148e-02 6.04277e-04
4.55396e+00 6.78390e-02 6.04035e-04
4.55396e+00 1.08473e-01 6.03503e-04
4.55396e+00 1.58358e-01 6.02511e-04
4.55396e+00 2.17304e-01 6.00851e-04
4.55396e+00 2.85080e-01 5.98274e-04
4.55396e+00 3.61426e-01 5.94488e-04
4.55396e+00 4.46045e-01 5.89151e-04
4.55396e+00 5.38610e-01 5.81863e-04
4.55396e+00 6.38764e-01 5.72160e-04
4.55396e+00 7.46119e-01 5.59514e-04
4.55396e+00 8.60259e-01 5.43337e-04
4.55396e+00 9.80743e-01 5.23012e-04
4.55396e+00 1.10710e+00 4.97934e-04
4.55396e+00 1.23885e+00 4.67599e-04
4.55396e+00 1.37548e+00 4.31711e-04
4.55396e+00 1.51646e+00 3.90333e-04
4.55396e+00 1.66125e+00 3.44026e-04
4.55396e+00 1.80928e+00 2.93974e-04
4.55396e+00 1.95998e+00 2.42012e-04
4.55396e+00 2.11277e+00 1.90519e-04
4.55396e+00 2.26706e+00 1.42147e-04
4.55396e+00 2.42225e+00 9.94046e-05
4.55396e+00 2.57775e+00 6.41928e-05
4.55396e+00 2.73294e+00 3.74301e-05
4.55396e+00 2.88723e+00 1.89164e-05
4.55396e+00 3.04002e+00 7.48730e-06
4.55396e+00 3.19072e+00 1.40596e-06
4.55396e+00 3.33875e+00 -1.16546e-06
4.55396e+00 3.48354e+00 -1.78556e-06
4.55396e+00 3.62452e+00 -1.54625e-06
4.55396e+00 3.76115e+00 -1.07562e-06
4.55396e+00 3.89290e+00 -6.55173e-07
4.55396e+00 4.01926e+00 -3.63288e-07
4.55396e+00 4.13974e+00 -1.87900e-07
4.55396e+00 4.25388e+00 -9.23974e-08
4.55396e+00 4.36124e+00 -4.39385e-08
4.55396e+00 4.46139e+00 -2.05388e-08
4.55396e+00 4.55396e+00 -9.59058e-09
4.55396e+00 4.63857e+00 -4.54570e-09
4.55396e+00 4.71492e+00 -2.22169e-09
4.55396e+00 4.78270e+00 -1.13690e-09
4.55396e+00 4.84164e+00 -6.18032e-10
4.55396e+00 4.89153e+00 -3.61695e-10
4.55396e+00 4.93216e+00 -2.30610e-10
4.55396e+00 4.96339e+00 -1.61808e-10
4.55396e+00 4.98508e+00 -1.25945e-10
4.55396e+00 4.99717e+00 -1.09365e-10
4.63857e+00 2.83399e-03 2.90116e-04
4.63857e+00 1.49201e-02 2.90109e-04
4.63857e+00 3.66148e-02 2.90070e-04
4.63857e+00 6.78390e-02 2.89957e-04
4.63857e+00 1.08473e-01 2.89707e-04
4.63857e+00 1.58358e-01 2.89242e-04
4.63857e+00 2.17304e-01 2.88464e-04
4.63857e+00 2.85080e-01 2.87256e-04
4.63857e+00 3.61426e-01 2.85480e-04
4.63857e+00 4.46045e-01 2.82975e-04
4.63857e+00 5.38610e-01 2.79551e-04
4.63857e+00 6.38764e-01 2.74988e-04
4.63857e+00 7.46119e-01 2.69035e-04
4.63857e+00 8.60259e-01 2.61410e-04
4.63857e+00 9.80743e-01 2.51814e-04
4.63857e+00 1.10710e+00 2.39956e-04
4.63857e+00 1.23885e+00 2.25586e-04
4.63857e+00 1.37548e+00 2.08553e-04
4.63857e+00 1.51646e+00 1.88874e-04
4.63857e+00 1.66125e+00 1.66802e-04
4.63857e+00 1.80928e+00 1.42887e-04
4.63857e+00 1.95998e+00 1.17993e-04
4.63857e+00 2.11277e+00 9.32500e-05
4.63857e+00 2.26706e+00 6.99267e-05
4.63857e+00 2.42225e+00 4.92343e-05
4.63857e+00 2.57775e+00 3.21025e-05
4.63857e+00 2.73294e+00 1.89986e-05
4.63857e+00 2.88723e+00 9.85552e-06
4.63857e+00 3.04002e+00 4.13944e-06
4.63857e+00 3.19072e+00 1.03303e-06
4.63857e+00 3.33875e+00 -3.40282e-07
4.63857e+00 3.48354e+00 -7.32176e-07
4.63857e+00 3.62452e+00 -6.75842e-07
4.63857e+00 3.76115e+00 -4.83350e-07
4.63857e+00 3.89290e+00 -2.99143e-07
4.63857e+00 4.01926e+00 -1.67645e-07
4.63857e+00 4.13974e+00 -8.73888e-08
4.63857e+00 4.25388e+00 -4.32354e-08
4.63857e+00 4.36124e+00 -2.06630e-08
4.63857e+00 4.46139e+00 -9.69961e-09
4.63857e+00 4.55396e+00 -4.54570e-09
4.63857e+00 4.63857e+00 -2.16137e-09
4.63857e+00 4.71492e+00 -1.05928e-09
4.63857e+00 4.78270e+00 -5.43372e-10
4.63857e+00 4.84164e+00 -2.95994e-10
4.63857e+00 4.89153e+00 -1.73528e-10
4.63857e+00 4.93216e+00 -1.10795e-10
4.63857e+00 4.96339e+00 -7.78240e-11
4.63857e+00 4.98508e+00 -6.06213e-11
4.63857e+00 4.99717e+00 -5.26630e-11
4.71492e+00 2.83399e-03 1.43847e-04
4.71492e+00 1.49201e-02 1.43843e-04
4.71492e+00 3.66148e-02 1.43825e-04
4.71492e+00 6.78390e-02 1.43770e-04
4.71492e+00 1.08473e-01 1.43649e-04
4.71492e+00 1.58358e-01 1.43423e-04
4.71492e+00 2.17304e-01 1.43045e-04
4.71492e+00 2.85080e-01 1.42458e-04
4.71492e+00 3.61426e-01 1.41595e-04
4.71492e+00 4.46045e-01 1.40378e-04
4.71492e+00 5.38610e-01 1.38712e-04
4.71492e+00 6.38764e-01 1.36491e-04
4.71492e+00 7.46119e-01 1.33589e-04
4.71492e+00 8.60259e-01 1.29869e-04
4.71492e+00 9.80743e-01 1.25181e-04
4.71492e+00 1.10710e+00 1.19379e-04
4.71492e+00 1.23885e+00 1.12336e-04
4.71492e+00 1.37548e+00 1.03975e-04
4.71492e+00 1.51646e+00 9.42974e-05
4.71492e+00 1.66125e+00 8.34218e-05
4.71492e+00 1.80928e+00 7.16133e-05
4.71492e+00 1.95998e+00 5.92929e-05
4.71492e+00 2.11277e+00 4.70153e-05
4.71492e+00 2.26706e+00 3.54077e-05
4.71492e+00 2.42225e+00 2.50732e-05
4.71492e+00 2.57775e+00 1.64804e-05
4.71492e+00 2.73294e+00 9.87225e-06
4.71492e+00 2.88723e+00 5.22783e-06
4.71492e+00 3.04002e+00 2.29353e-06
4.71492e+00 3.19072e+00 6.71321e-07
4.71492e+00 3.33875e+00 -7.07650e-08
4.71492e+00 3.48354e+00 -3.06801e-07
4.71492e+00 3.62452e+00 -3.04968e-07
4.71492e+00 3.76115e+00 -2.24545e-07
4.71492e+00 3.89290e+00 -1.41200e-07
4.71492e+00 4.01926e+00 -7.99493e-08
4.71492e+00 4.13974e+00 -4.19835e-08
4.71492e+00 4.25388e+00 -2.08889e-08
4.71492e+00 4.36124e+00 -1.00287e-08
4.71492e+00 4.46139e+00 -4.72545e-09
4.71492e+00 4.55396e+00 -2.22169e-09
4.71492e+00 4.63857e+00 -1.05928e-09
4.71492e+00 4.71492e+00 -5.20395e-10
4.71492e+00 4.78270e+00 -2.67494e-10
4.71492e+00 4.84164e+00 -1.45970e-10
4.71492e+00 4.89153e+00 -8.57016e-11
4.71492e+00 4.93216e+00 -5.47844e-11
4.71492e+00 4.96339e+00 -3.85164e-11
4.71492e+00 4.98508e+00 -3.00215e-11
4.71492e+00 4.99717e+00 -2.60895e-11
4.78270e+00 2.83399e-03 7.47138e-05
4.78270e+00 1.49201e-02 7.47120e-05
4.78270e+00 3.66148e-02 7.47024e-05
4.78270e+00 6.78390e-02 7.46743e-05
4.78270e+00 1.08473e-01 7.46126e-05
4.78270e+00 1.58358e-01 7.44976e-05
4.78270e+00 2.17304e-01 7.43049e-05
4.78270e+00 2.85080e-01 7.40055e-05
4.78270e+00 3.61426e-01 7.35653e-05
4.78270e+00 4.46045e-01 7.29436e-05
4.78270e+00 5.38610e-01 7.20928e-05
4.78270e+00 6.38764e-01 7.09573e-05
4.78270e+00 7.46119e-01 6.94728e-05
4.78270e+00 8.60259e-01 6.75671e-05
4.78270e+00 9.80743e-01 6.51632e-05
4.78270e+00 1.10710e+00 6.21842e-05
4.78270e+00 1.23885e+00 5.85635e-05
4.78270e+00 1.37548e+00 5.42584e-05
4.78270e+00 1.51646e+00 4.92675e-05
4.78270e+00 1.66125e+00 4.36495e-05
4.78270e+00 1.80928e+00 3.75386e-05
4.78270e+00 1.95998e+00 3.11499e-05
4.78270e+00 2.11277e+00 2.47693e-05
4.78270e+00 2.26706e+00 1.87214e-05
4.78270e+00 2.42225e+00 1.33208e-05
4.78270e+00 2.57775e+00 8.81402e-06
4.78270e+00 2.73294e+00 5.33222e-06
4.78270e+00 2.88723e+00 2.87015e-06
4.78270e+00 3.04002e+00 1.30103e-06
4.78270e+00 3.19072e+00 4.21424e-07
4.78270e+00 3.33875e+00 8.23410e-09
4.78270e+00 3.48354e+00 -1.33386e-07
4.78270e+00 3.62452e+00 -1.44396e-07
4.78270e+00 3.76115e+00 -1.09552e-07
4.78270e+00 3.89290e+00 -6.99736e-08
4.78270e+00 4.01926e+00 -4.00101e-08
4.78270e+00 4.13974e+00 -2.11550e-08
4.78270e+00 4.25388e+00 -1.05802e-08
4.78270e+00 4.36124e+00 -5.10034e-09
4.78270e+00 4.46139e+00 -2.41134e-09
4.78270e+00 4.55396e+00 -1.13690e-09
4.78270e+00 4.63857e+00 -5.43372e-10
4.78270e+00 4.71492e+00 -2.67494e-10
4.78270e+00 4.78270e+00 -1.37740e-10
4.78270e+00 4.84164e+00 -7.52766e-11
4.78270e+00 4.89153e+00 -4.42514e-11
4.78270e+00 4.93216e+00 -2.83159e-11
4.78270e+00 4.96339e+00 -1.99229e-11
4.78270e+00 4.98508e+00 -1.55370e-11
4.78270e+00 4.99717e+00 -1.35061e-11
4.84164e+00 2.83399e-03 4.12048e-05
4.84164e+00 1.49201e-02 4.12038e-05
4.84164e+00 3.66148e-02 4.11986e-05
4.84164e+00 6.78390e-02 4.11833e-05
4.84164e+00 1.08473e-01 4.11499e-05
4.84164e+00 1.58358e-01 4.10874e-05
4.84164e+00 2.17304e-01 4.09828e-05
4.84164e+00 2.85080e-01 4.08202e-05
4.84164e+00 3.61426e-01 4.05811e-05
4.84164e+00 4.46045e-01 4.02432e-05
4.84164e+00 5.38610e-01 3.97807e-05
4.84164e+00 6.38764e-01 3.91629e-05
4.84164e+00 7.46119e-01 3.83547e-05
4.84164e+00 8.60259e-01 3.73162e-05
4.84164e+00 9.80743e-01 3.60048e-05
4.84164e+00 1.10710e+00 3.43781e-05
4.84164e+00 1.23885e+00 3.23985e-05
4.84164e+00 1.37548e+00 3.00419e-05
4.84164e+00 1.51646e+00 2.73062e-05
4.84164e+00 1.66125e+00 2.42223e-05
4.84164e+00 1.80928e+00 2.08627e-05
4.84164e+00 1.95998e+00 1.73444e-05
4.84164e+00 2.11277e+00 1.38239e-05
4.84164e+00 2.26706e+00 1.04799e-05
4.84164e+00 2.42225e+00 7.48625e-06
4.84164e+00 2.57775e+00 4.98045e-06
4.84164e+00 2.73294e+00 3.03715e-06
4.84164e+00 2.88723e+00 1.65603e-06
4.84164e+00 3.04002e+00 7.69519e-07
4.84164e+00 3.19072e+00 2.66985e-07
4.84164e+00 3.33875e+00 2.59999e-08
4.84164e+00 3.48354e+00 -6.11244e-08
4.84164e+00 3.62452e+00 -7.28939e-08
4.84164e+00 3.76115e+00 -5.69924e-08
4.84164e+00 3.89290e+00 -3.69503e-08
4.84164e+00 4.01926e+00 -2.13212e-08
4.84164e+00 4.13974e+00 -1.13441e-08
4.84164e+00 4.25388e+00 -5.69987e-09
4.84164e+00 4.36124e+00 -2.75769e-09
4.84164e+00 4.46139e+00 -1.30762e-09
4.84164e+00 4.55396e+00 -6.18032e-10
4.84164e+00 4.63857e+00 -2.95994e-10
4.84164e+00 4.71492e+00 -1.45970e-10
4.84164e+00 4.78270e+00 -7.52766e-11
4.84164e+00 4.84164e+00 -4.11915e-11
4.84164e+00 4.89153e+00 -2.42398e-11
4.84164e+00 4.93216e+00 -1.55237e-11
4.84164e+00 4.96339e+00 -1.09294e-11
4.84164e+00 4.98508e+00 -8.52712e-12
4.84164e+00 4.99717e+00 -7.41430e-12
4.89153e+00 2.83399e-03 2.44350e-05
4.89153e+00 1.49201e-02 2.44344e-05
4.89153e+00 3.66148e-02 2.44314e-05
4.89153e+00 6.78390e-02 2.44225e-05
4.89153e+00 1.08473e-01 2.44029e-05
4.89153e+00 1.58358e-01 2.43663e-05
4.89153e+00 2.17304e-01 2.43051e-05
4.89153e+00 2.85080e-01 2.42099e-05
4.89153e+00 3.61426e-01 2.40699e-05
4.89153e+00 4.46045e-01 2.38720e-05
4.89153e+00 5.38610e-01 2.36010e-05
4.89153e+00 6.38764e-01 2.32388e-05
4.89153e+00 7.46119e-01 2.27645e-05
4.89153e+00 8.60259e-01 2.21548e-05
4.89153e+00 9.80743e-01 2.13843e-05
4.89153e+00 1.10710e+00 2.04274e-05
4.89153e+00 1.23885e+00 1.92620e-05
4.89153e+00 1.37548e+00 1.78731e-05
4.89153e+00 1.51646e+00 1.62591e-05
4.89153e+00 1.66125e+00 1.44374e-05
4.89153e+00 1.80928e+00 1.24503e-05
4.89153e+00 1.95998e+00 1.03665e-05
4.89153e+00 2.11277e+00 8.27819e-06
4.89153e+00 2.26706e+00 6.29099e-06
4.89153e+00 2.42225e+00 4.50831e-06
4.89153e+00 2.57775e+00 3.01242e-06
4.89153e+00 2.73294e+00 1.84870e-06
4.89153e+00 2.88723e+00 1.01826e-06
4.89153e+00 3.04002e+00 4.82133e-07
4.89153e+00 3.19072e+00 1.75518e-07
4.89153e+00 3.33875e+00 2.61217e-08
4.89153e+00 3.48354e+00 -3.00231e-08
4.89153e+00 3.62452e+00 -3.98408e-08
4.89153e+00 3.76115e+00 -3.20686e-08
4.89153e+00 3.89290e+00 -2.10802e-08
4.89153e+00 4.01926e+00 -1.22639e-08
4.89153e+00 4.13974e+00 -6.56132e-09
4.89153e+00 4.25388e+00 -3.31012e-09
4.89153e+00 4.36124e+00 -1.60651e-09
4.89153e+00 4.46139e+00 -7.63681e-10
4.89153e+00 4.55396e+00 -3.61695e-10
4.89153e+00 4.63857e+00 -1.73528e-10
4.89153e+00 4.71492e+00 -8.57016e-11
4.89153e+00 4.78270e+00 -4.42514e-11
4.89153e+00 4.84164e+00 -2.42398e-11
4.89153e+00 4.89153e+00 -1.42766e-11
4.89153e+00 4.93216e+00 -9.14938e-12
4.89153e+00 4.96339e+00 -6.44492e-12
4.89153e+00 4.98508e+00 -5.03016e-12
4.89153e+00 4.99717e+00 -4.37458e-12
4.93216e+00 2.83399e-03 1.57579e-05
4.93216e+00 1.49201e-02 1.57575e-05
4.93216e+00 3.66148e-02 1.57556e-05
4.93216e+00 6.78390e-02 1.57499e-05
4.93216e+00 1.08473e-01 1.57374e-05
4.93216e+00 1.58358e-01 1.57141e-05
4.93216e+00 2.17304e-01 1.56750e-05
4.93216e+00 2.85080e-01 1.56143e-05
4.93216e+00 3.61426e-01 1.55249e-05
4.93216e+00 4.46045e-01 1.53985e-05
4.93216e+00 5.38610e-01 1.52254e-05
4.93216e+00 6.38764e-01 1.49939e-05
4.93216e+00 7.46119e-01 1.46908e-05
4.93216e+00 8.60259e-01 1.43007e-05
4.93216e+00 9.80743e-01 1.38074e-05
4.93216e+00 1.10710e+00 1.31944e-05
4.93216e+00 1.23885e+00 1.24472e-05
4.93216e+00 1.37548e+00 1.15560e-05
4.93216e+00 1.51646e+00 1.05193e-05
4.93216e+00 1.66125e+00 9.34827e-06
4.93216e+00 1.80928e+00 8.06954e-06
4.93216e+00 1.95998e+00 6.72708e-06
4.93216e+00 2.11277e+00 5.38001e-06
4.93216e+00 2.26706e+00 4.09638e-06
4.93216e+00 2.42225e+00 2.94296e-06
4.93216e+00 2.57775e+00 1.97319e-06
4.93216e+00 2.73294e+00 1.21690e-06
4.93216e+00 2.88723e+00 6.75456e-07
4.93216e+00 3.04002e+00 3.24336e-07
4.93216e+00 3.19072e+00 1.22147e-07
4.93216e+00 3.33875e+00 2.24343e-08
4.93216e+00 3.48354e+00 -1.61032e-08
4.93216e+00 3.62452e+00 -2.39151e-08
4.93216e+00 3.76115e+00 -1.97701e-08
4.93216e+00 3.89290e+00 -1.31545e-08
4.93216e+00 4.01926e+00 -7.70712e-09
4.93216e+00 4.13974e+00 -4.14276e-09
4.93216e+00 4.25388e+00 -2.09708e-09
4.93216e+00 4.36124e+00 -1.02043e-09
4.93216e+00 4.46139e+00 -4.86083e-10
4.93216e+00 4.55396e+00 -2.30610e-10
4.93216e+00 4.63857e+00 -1.10795e-10
4.93216e+00 4.71492e+00 -5.47844e-11
4.93216e+00 4.78270e+00 -2.83159e-11
4.93216e+00 4.84164e+00 -1.55237e-11
4.93216e+00 4.89153e+00 -9.14938e-12
4.93216e+00 4.93216e+00 -5.86675e-12
4.93216e+00 4.96339e+00 -4.13432e-12
4.93216e+00 4.98508e+00 -3.22770e-12
4.93216e+00 4.99717e+00 -2.80748e-12
4.96339e+00 2.83399e-03 1.11580e-05
4.96339e+00 1.49201e-02 1.11577e-05
4.96339e+00 3.66148e-02 1.11564e-05
4.96339e+00 6.78390e-02 1.11524e-05
4.96339e+00 1.08473e-01 1.11436e-05
4.96339e+00 1.58358e-01 1.11272e-05
4.96339e+00 2.17304e-01 1.10998e-05
4.96339e+00 2.85080e-01 1.10571e-05
4.96339e+00 3.61426e-01 1.09943e-05
4.96339e+00 4.46045e-01 1.09055e-05
4.96339e+00 5.38610e-01 1.07838e-05
4.96339e+00 6.38764e-01 1.06211e-05
4.96339e+00 7.46119e-01 1.04078e-05
4.96339e+00 8.60259e-01 1.01333e-05
4.96339e+00 9.80743e-01 9.78591e-06
4.96339e+00 1.10710e+00 9.35405e-06
4.96339e+00 1.23885e+00 8.82730e-06
4.96339e+00 1.37548e+00 8.19862e-06
4.96339e+00 1.51646e+00 7.46686e-06
4.96339e+00 1.66125e+00 6.63962e-06
4.96339e+00 1.80928e+00 5.73563e-06
4.96339e+00 1.95998e+00 4.78579e-06
4.96339e+00 2.11277e+00 3.83178e-06
4.96339e+00 2.26706e+00 2.92174e-06
4.96339e+00 2.42225e+00 2.10300e-06
4.96339e+00 2.57775e+00 1.41360e-06
4.96339e+00 2.73294e+00 8.74962e-07
4.96339e+00 2.88723e+00 4.88410e-07
4.96339e+00 3.04002e+00 2.36897e-07
4.96339e+00 3.19072e+00 9.13310e-08
4.96339e+00 3.33875e+00 1.89104e-08
4.96339e+00 3.48354e+00 -9.63551e-09
4.96339e+00 3.62452e+00 -1.59678e-08
4.96339e+00 3.76115e+00 -1.35029e-08
4.96339e+00 3.89290e+00 -9.07421e-09
4.96339e+00 4.01926e+00 -5.34675e-09
4.96339e+00 4.13974e+00 -2.88472e-09
4.96339e+00 4.25388e+00 -1.46416e-09
4.96339e+00 4.36124e+00 -7.13898e-10
4.96339e+00 4.46139e+00 -3.40614e-10
4.96339e+00 4.55396e+00 -1.61808e-10
4.96339e+00 4.63857e+00 -7.78240e-11
4.96339e+00 4.71492e+00 -3.85164e-11
4.96339e+00 4.78270e+00 -1.99229e-11
4.96339e+00 4.84164e+00 -1.09294e-11
4.96339e+00 4.89153e+00 -6.44492e-12
4.96339e+00 4.93216e+00 -4.13432e-12
4.96339e+00 4.96339e+00 -2.91440e-12
4.96339e+00 4.98508e+00 -2.27579e-12
4.96339e+00 4.99717e+00 -1.97973e-12
4.98508e+00 2.83399e-03 8.74193e-06
4.98508e+00 1.49201e-02 8.74173e-06
4.98508e+00 3.66148e-02 8.74066e-06
4.98508e+00 6.78390e-02 8.73756e-06
4.98508e+00 1.08473e-01 8.73071e-06
4.98508e+00 1.58358e-01 8.71795e-06
4.98508e+00 2.17304e-01 8.69657e-06
4.98508e+00 2.85080e-01 8.66333e-06
4.98508e+00 3.61426e-01 8.61439e-06
4.98508e+00 4.46045e-01 8.54519e-06
4.98508e+00 5.38610e-01 8.45032e-06
4.98508e+00 6.38764e-01 8.32342e-06
4.98508e+00 7.46119e-01 8.15707e-06
4.98508e+00 8.60259e-01 7.94290e-06
4.98508e+00 9.80743e-01 7.67180e-06
4.98508e+00 1.10710e+00 7.33462e-06
4.98508e+00 1.23885e+00 6.92319e-06
4.98508e+00 1.37548e+00 6.43193e-06
4.98508e+00 1.51646e+00 5.85985e-06
4.98508e+00 1.66125e+00 5.21280e-06
4.98508e+00 1.80928e+00 4.50535e-06
4.98508e+00 1.95998e+00 3.76157e-06
4.98508e+00 2.11277e+00 3.01407e-06
4.98508e+00 2.26706e+00 2.30048e-06
4.98508e+00 2.42225e+00 1.65795e-06
4.98508e+00 2.57775e+00 1.11636e-06
4.98508e+00 2.73294e+00 6.92679e-07
4.98508e+00 2.88723e+00 3.88126e-07
4.98508e+00 3.04002e+00 1.89515e-07
4.98508e+00 3.19072e+00 7.41754e-08
4.98508e+00 3.33875e+00 1.64555e-08
4.98508e+00 3.48354e+00 -6.58993e-09
4.98508e+00 3.62452e+00 -1.19850e-08
4.98508e+00 3.76115e+00 -1.03089e-08
4.98508e+00 3.89290e+00 -6.97820e-09
4.98508e+00 4.01926e+00 -4.12852e-09
4.98508e+00 4.13974e+00 -2.23337e-09
4.98508e+00 4.25388e+00 -1.13570e-09
4.98508e+00 4.36124e+00 -5.54540e-10
4.98508e+00 4.46139e+00 -2.64880e-10
4.98508e+00 4.55396e+00 -1.25945e-10
4.98508e+00 4.63857e+00 -6.06213e-11
4.98508e+00 4.71492e+00 -3.00215e-11
4.98508e+00 4.78270e+00 -1.55370e-11
4.98508e+00 4.84164e+00 -8.52712e-12
4.98508e+00 4.89153e+00 -5.03016e-12
4.98508e+00 4.93216e+00 -3.22770e-12
4.98508e+00 4.96339e+00 -2.27579e-12
4.98508e+00 4.98508e+00 -1.77738e-12
4.98508e+00 4.99717e+00 -1.54629e-12
4.99717e+00 2.83399e-03 7.61928e-06
4.99717e+00 1.49201e-02 7.61911e-06
4.99717e+00 3.66148e-02 7.61818e-06
4.99717e+00 6.78390e-02 7.61548e-06
4.99717e+00 1.08473e-01 7.60953e-06
4.99717e+00 1.58358e-01 7.59844e-06
4.99717e+00 2.17304e-01 7.57986e-06
4.99717e+00 2.85080e-01 7.55098e-06
4.99717e+00 3.61426e-01 7.50846e-06
4.99717e+00 4.46045e-01 7.44832e-06
4.99717e+00 5.38610e-01 7.36586e-06
4.99717e+00 6.38764e-01 7.25555e-06
4.99717e+00 7.46119e-01 7.11093e-06
4.99717e+00 8.60259e-01 6.92470e-06
4.99717e+00 9.80743e-01 6.68892e-06
4.99717e+00 1.10710e+00 6.39561e-06
4.99717e+00 1.23885e+00 6.03762e-06
4.99717e+00 1.37548e+00 5.61006e-06
4.99717e+00 1.51646e+00 5.11204e-06
4.99717e+00 1.66125e+00 4.54861e-06
4.99717e+00 1.80928e+00 3.93239e-06
4.99717e+00 1.95998e+00 3.28433e-06
4.99717e+00 2.11277e+00 2.63278e-06
4.99717e+00 2.26706e+00 2.01055e-06
4.99717e+00 2.42225e+00 1.45001e-06
4.99717e+00 2.57775e+00 9.77269e-07
4.99717e+00 2.73294e+00 6.07190e-07
4.99717e+00 2.88723e+00 3.40926e-07
4.99717e+00 3.04002e+00 1.67070e-07
4.99717e+00 3.19072e+00 6.59177e-08
4.99717e+00 3.33875e+00 1.51362e-08
4.99717e+00 3.48354e+00 -5.27882e-09
4.99717e+00 3.62452e+00 -1.01910e-08
4.99717e+00 3.76115e+00 -8.85384e-09
4.99717e+00 3.89290e+00 -6.01829e-09
4.99717e+00 4.01926e+00 -3.56889e-09
4.99717e+00 4.13974e+00 -1.93353e-09
4.99717e+00 4.25388e+00 -9.84276e-10
4.99717e+00 4.36124e+00 -4.80988e-10
4.99717e+00 4.46139e+00 -2.29892e-10
4.99717e+00 4.55396e+00 -1.09365e-10
4.99717e+00 4.63857e+00 -5.26630e-11
4.99717e+00 4.71492e+00 -2.60895e-11
4.99717e+00 4.78270e+00 -1.35061e-11
4.99717e+00 4.84164e+00 -7.41430e-12
4.99717e+00 4.89153e+00 -4.37458e-12
4.99717e+00 4.93216e+00 -2.80748e-12
4.99717e+00 4.96339e+00 -1.97973e-12
4.99717e+00 4.98508e+00 -1.54629e-12
4.99717e+00 4.99717e+00 -1.34531e-12
