50
7.27156e-03 2.83399e-03
1.68995e-02 1.49201e-02
2.64764e-02 3.66148e-02
3.59521e-02 6.78390e-02
4.52889e-02 1.08473e-01
5.44506e-02 1.58358e-01
6.34017e-02 2.17304e-01
7.21075e-02 2.85080e-01
8.05343e-02 3.61426e-01
8.86496e-02 4.46045e-01
9.64219e-02 5.38610e-01
1.03821e-01 6.38764e-01
1.10819e-01 7.46119e-01
1.17388e-01 8.60259e-01
1.23502e-01 9.80743e-01
1.29139e-01 1.10710e+00
1.34277e-01 1.23885e+00
1.38894e-01 1.37548e+00
1.42975e-01 1.51646e+00
1.46502e-01 1.66125e+00
1.49463e-01 1.80928e+00
1.51845e-01 1.95998e+00
1.53640e-01 2.11277e+00
1.54840e-01 2.26706e+00
1.55442e-01 2.42225e+00
1.55442e-01 2.57775e+00
1.54840e-01 2.73294e+00
1.53640e-01 2.88723e+00
1.51845e-01 3.04002e+00
1.49463e-01 3.19072e+00
1.46502e-01 3.33875e+00
1.42975e-01 3.48354e+00
1.38894e-01 3.62452e+00
1.34277e-01 3.76115e+00
1.29139e-01 3.89290e+00
1.23502e-01 4.01926e+00
1.17388e-01 4.13974e+00
1.10819e-01 4.25388e+00
1.03821e-01 4.36124e+00
9.64219e-02 4.46139e+00
8.86496e-02 4.55396e+00
8.05343e-02 4.63857e+00
7.21075e-02 4.71492e+00
6.34017e-02 4.78270e+00
5.44506e-02 4.84164e+00
4.52889e-02 4.89153e+00
3.59521e-02 4.93216e+00
2.64764e-02 4.96339e+00
1.68995e-02 4.98508e+00
7.27156e-03 4.99717e+00
2.83399e-03 2.83399e-03 2.55848e-10
2.83399e-03 1.49201e-02 7.08377e-09
2.83399e-03 3.66148e-02 4.24238e-08
2.83399e-03 6.78390e-02 1.43289e-07
2.83399e-03 1.08473e-01 3.53668e-07
2.83399e-03 1.58358e-01 7.07009e-07
2.83399e-03 2.17304e-01 1.20134e-06
2.83399e-03 2.85080e-01 1.78054e-06
2.83399e-03 3.61426e-01 2.34140e-06
2.83399e-03 4.46045e-01 2.77198e-06
2.83399e-03 5.38610e-01 2.99848e-06
2.83399e-03 6.38764e-01 3.00831e-06
2.83399e-03 7.46119e-01 2.83938e-06
2.83399e-03 8.60259e-01 2.55229e-06
2.83399e-03 9.80743e-01 2.20610e-06
2.83399e-03 1.10710e+00 1.84642e-06
2.83399e-03 1.23885e+00 1.50346e-06
2.83399e-03 1.37548e+00 1.19470e-06
2.83399e-03 1.51646e+00 9.28476e-07
2.83399e-03 1.66125e+00 7.06596e-07
2.83399e-03 1.80928e+00 5.25992e-07
2.83399e-03 1.95998e+00 3.79941e-07
2.83399e-03 2.11277e+00 2.59813e-07
2.83399e-03 2.26706e+00 1.58144e-07
2.83399e-03 2.42225e+00 7.26887e-08
2.83399e-03 2.57775e+00 8.58144e-09
2.83399e-03 2.73294e+00 -2.59347e-08
2.83399e-03 2.88723e+00 -3.00702e-08
2.83399e-03 3.04002e+00 -1.62168e-08
2.83399e-03 3.19072e+00 -9.45130e-10
2.83399e-03 3.33875e+00 7.47253e-09
2.83399e-03 3.48354e+00 9.49716e-09
2.83399e-03 3.62452e+00 8.16409e-09
2.83399e-03 3.76115e+00 5.81712e-09
2.83399e-03 3.89290e+00 3.66518e-09
2.83399e-03 4.01926e+00 2.10941e-09
2.83399e-03 4.13974e+00 1.13335e-09
2.83399e-03 4.25388e+00 5.78657e-10
2.83399e-03 4.36124e+00 2.85374e-10
2.83399e-03 4.46139e+00 1.38110e-10
2.83399e-03 4.55396e+00 6.66337e-11
2.83399e-03 4.63857e+00 3.25567e-11
2.83399e-03 4.71492e+00 1.63605e-11
2.83399e-03 4.78270e+00 8.58410e-12
2.83399e-03 4.84164e+00 4.77017e-12
2.83399e-03 4.89153e+00 2.84467e-12
2.83399e-03 4.93216e+00 1.84195e-12
2.83399e-03 4.96339e+00 1.30795e-12
2.83399e-03 4.98508e+00 1.02660e-12
2.83399e-03 4.99717e+00 8.95621e-13
1.49201e-02 2.83399e-03 7.08377e-09
1.49201e-02 1.49201e-02 1.96130e-07
1.49201e-02 3.66148e-02 1.17460e-06
1.49201e-02 6.78390e-02 3.96735e-06
1.49201e-02 1.08473e-01 9.79258e-06
1.49201e-02 1.58358e-01 1.95772e-05
1.49201e-02 2.17304e-01 3.32681e-05
1.49201e-02 2.85080e-01 4.93126e-05
1.49201e-02 3.61426e-01 6.48537e-05
1.49201e-02 4.46045e-01 7.67897e-05
1.49201e-02 5.38610e-01 8.30738e-05
1.49201e-02 6.38764e-01 8.33543e-05
1.49201e-02 7.46119e-01 7.86799e-05
1.49201e-02 8.60259e-01 7.07287e-05
1.49201e-02 9.80743e-01 6.11379e-05
1.49201e-02 1.10710e+00 5.11719e-05
1.49201e-02 1.23885e+00 4.16679e-05
1.49201e-02 1.37548e+00 3.31115e-05
1.49201e-02 1.51646e+00 2.57334e-05
1.49201e-02 1.66125e+00 1.95841e-05
1.49201e-02 1.80928e+00 1.45787e-05
1.49201e-02 1.95998e+00 1.05308e-05
1.49201e-02 2.11277e+00 7.20135e-06
1.49201e-02 2.26706e+00 4.38347e-06
1.49201e-02 2.42225e+00 2.01492e-06
1.49201e-02 2.57775e+00 2.38054e-07
1.49201e-02 2.73294e+00 -7.18658e-07
1.49201e-02 2.88723e+00 -8.33324e-07
1.49201e-02 3.04002e+00 -4.49391e-07
1.49201e-02 3.19072e+00 -2.61388e-08
1.49201e-02 3.33875e+00 2.07150e-07
1.49201e-02 3.48354e+00 2.63251e-07
1.49201e-02 3.62452e+00 2.26294e-07
1.49201e-02 3.76115e+00 1.61238e-07
1.49201e-02 3.89290e+00 1.01590e-07
1.49201e-02 4.01926e+00 5.84673e-08
1.49201e-02 4.13974e+00 3.14133e-08
1.49201e-02 4.25388e+00 1.60388e-08
1.49201e-02 4.36124e+00 7.90979e-09
1.49201e-02 4.46139e+00 3.82802e-09
1.49201e-02 4.55396e+00 1.84690e-09
1.49201e-02 4.63857e+00 9.02379e-10
1.49201e-02 4.71492e+00 4.53466e-10
1.49201e-02 4.78270e+00 2.37926e-10
1.49201e-02 4.84164e+00 1.32215e-10
1.49201e-02 4.89153e+00 7.88460e-11
1.49201e-02 4.93216e+00 5.10534e-11
1.49201e-02 4.96339e+00 3.62525e-11
1.49201e-02 4.98508e+00 2.84543e-11
1.49201e-02 4.99717e+00 2.48240e-11
3.66148e-02 2.83399e-03 4.24238e-08
3.66148e-02 1.49201e-02 1.17460e-06
3.66148e-02 3.66148e-02 7.03478e-06
3.66148e-02 6.78390e-02 2.37625e-05
3.66148e-02 1.08473e-01 5.86622e-05
3.66148e-02 1.58358e-01 1.17309e-04
3.66148e-02 2.17304e-01 1.99430e-04
3.66148e-02 2.85080e-01 2.95773e-04
3.66148e-02 3.61426e-01 3.89231e-04
3.66148e-02 4.46045e-01 4.61165e-04
3.66148e-02 5.38610e-01 4.99206e-04
3.66148e-02 6.38764e-01 5.01150e-04
3.66148e-02 7.46119e-01 4.73241e-04
3.66148e-02 8.60259e-01 4.25551e-04
3.66148e-02 9.80743e-01 3.67933e-04
3.66148e-02 1.10710e+00 3.08011e-04
3.66148e-02 1.23885e+00 2.50838e-04
3.66148e-02 1.37548e+00 1.99349e-04
3.66148e-02 1.51646e+00 1.54943e-04
3.66148e-02 1.66125e+00 1.17926e-04
3.66148e-02 1.80928e+00 8.77923e-05
3.66148e-02 1.95998e+00 6.34210e-05
3.66148e-02 2.11277e+00 4.33735e-05
3.66148e-02 2.26706e+00 2.64050e-05
3.66148e-02 2.42225e+00 1.21413e-05
3.66148e-02 2.57775e+00 1.44001e-06
3.66148e-02 2.73294e+00 -4.32263e-06
3.66148e-02 2.88723e+00 -5.01448e-06
3.66148e-02 3.04002e+00 -2.70357e-06
3.66148e-02 3.19072e+00 -1.55622e-07
3.66148e-02 3.33875e+00 1.24859e-06
3.66148e-02 3.48354e+00 1.58599e-06
3.66148e-02 3.62452e+00 1.36313e-06
3.66148e-02 3.76115e+00 9.71188e-07
3.66148e-02 3.89290e+00 6.11885e-07
3.66148e-02 4.01926e+00 3.52145e-07
3.66148e-02 4.13974e+00 1.89197e-07
3.66148e-02 4.25388e+00 9.65979e-08
3.66148e-02 4.36124e+00 4.76384e-08
3.66148e-02 4.46139e+00 2.30549e-08
3.66148e-02 4.55396e+00 1.11232e-08
3.66148e-02 4.63857e+00 5.43467e-09
3.66148e-02 4.71492e+00 2.73104e-09
3.66148e-02 4.78270e+00 1.43293e-09
3.66148e-02 4.84164e+00 7.96274e-10
3.66148e-02 4.89153e+00 4.74854e-10
3.66148e-02 4.93216e+00 3.07471e-10
3.66148e-02 4.96339e+00 2.18332e-10
3.66148e-02 4.98508e+00 1.71367e-10
3.66148e-02 4.99717e+00 1.49503e-10
6.78390e-02 2.83399e-03 1.43289e-07
6.78390e-02 1.49201e-02 3.96735e-06
6.78390e-02 3.66148e-02 2.37625e-05
6.78390e-02 6.78390e-02 8.02839e-05
6.78390e-02 1.08473e-01 1.98287e-04
6.78390e-02 1.58358e-01 3.96843e-04
6.78390e-02 2.17304e-01 6.75461e-04
6.78390e-02 2.85080e-01 1.00335e-03
6.78390e-02 3.61426e-01 1.32278e-03
6.78390e-02 4.46045e-01 1.57020e-03
6.78390e-02 5.38610e-01 1.70270e-03
6.78390e-02 6.38764e-01 1.71190e-03
6.78390e-02 7.46119e-01 1.61851e-03
6.78390e-02 8.60259e-01 1.45675e-03
6.78390e-02 9.80743e-01 1.26038e-03
6.78390e-02 1.10710e+00 1.05565e-03
6.78390e-02 1.23885e+00 8.60033e-04
6.78390e-02 1.37548e+00 6.83702e-04
6.78390e-02 1.51646e+00 5.31534e-04
6.78390e-02 1.66125e+00 4.04638e-04
6.78390e-02 1.80928e+00 3.01305e-04
6.78390e-02 1.95998e+00 2.17711e-04
6.78390e-02 2.11277e+00 1.48931e-04
6.78390e-02 2.26706e+00 9.07021e-05
6.78390e-02 2.42225e+00 4.17449e-05
6.78390e-02 2.57775e+00 5.00690e-06
6.78390e-02 2.73294e+00 -1.47843e-05
6.78390e-02 2.88723e+00 -1.71721e-05
6.78390e-02 3.04002e+00 -9.25218e-06
6.78390e-02 3.19072e+00 -5.16219e-07
6.78390e-02 3.33875e+00 4.29669e-06
6.78390e-02 3.48354e+00 5.45014e-06
6.78390e-02 3.62452e+00 4.68235e-06
6.78390e-02 3.76115e+00 3.33535e-06
6.78390e-02 3.89290e+00 2.10115e-06
6.78390e-02 4.01926e+00 1.20915e-06
6.78390e-02 4.13974e+00 6.49606e-07
6.78390e-02 4.25388e+00 3.31655e-07
6.78390e-02 4.36124e+00 1.63555e-07
6.78390e-02 4.46139e+00 7.91519e-08
6.78390e-02 4.55396e+00 3.81874e-08
6.78390e-02 4.63857e+00 1.86577e-08
6.78390e-02 4.71492e+00 9.37581e-09
6.78390e-02 4.78270e+00 4.91929e-09
6.78390e-02 4.84164e+00 2.73362e-09
6.78390e-02 4.89153e+00 1.63017e-09
6.78390e-02 4.93216e+00 1.05554e-09
6.78390e-02 4.96339e+00 7.49528e-10
6.78390e-02 4.98508e+00 5.88296e-10
6.78390e-02 4.99717e+00 5.13239e-10
1.08473e-01 2.83399e-03 3.53668e-07
1.08473e-01 1.49201e-02 9.79258e-06
1.08473e-01 3.66148e-02 5.86622e-05
1.08473e-01 6.78390e-02 1.98287e-04
1.08473e-01 1.08473e-01 4.90217e-04
1.08473e-01 1.58358e-01 9.82783e-04
1.08473e-01 2.17304e-01 1.67709e-03
1.08473e-01 2.85080e-01 2.49961e-03
1.08473e-01 3.61426e-01 3.30838e-03
1.08473e-01 4.46045e-01 3.94319e-03
1.08473e-01 5.38610e-01 4.29230e-03
1.08473e-01 6.38764e-01 4.32970e-03
1.08473e-01 7.46119e-01 4.10435e-03
1.08473e-01 8.60259e-01 3.70165e-03
1.08473e-01 9.80743e-01 3.20753e-03
1.08473e-01 1.10710e+00 2.68954e-03
1.08473e-01 1.23885e+00 2.19301e-03
1.08473e-01 1.37548e+00 1.74454e-03
1.08473e-01 1.51646e+00 1.35701e-03
1.08473e-01 1.66125e+00 1.03355e-03
1.08473e-01 1.80928e+00 7.69970e-04
1.08473e-01 1.95998e+00 5.56624e-04
1.08473e-01 2.11277e+00 3.80995e-04
1.08473e-01 2.26706e+00 2.32233e-04
1.08473e-01 2.42225e+00 1.07102e-04
1.08473e-01 2.57775e+00 1.31588e-05
1.08473e-01 2.73294e+00 -3.74939e-05
1.08473e-01 2.88723e+00 -4.36708e-05
1.08473e-01 3.04002e+00 -2.34946e-05
1.08473e-01 3.19072e+00 -1.21878e-06
1.08473e-01 3.33875e+00 1.10445e-05
1.08473e-01 3.48354e+00 1.39669e-05
1.08473e-01 3.62452e+00 1.19882e-05
1.08473e-01 3.76115e+00 8.53577e-06
1.08473e-01 3.89290e+00 5.37588e-06
1.08473e-01 4.01926e+00 3.09314e-06
1.08473e-01 4.13974e+00 1.66159e-06
1.08473e-01 4.25388e+00 8.48253e-07
1.08473e-01 4.36124e+00 4.18290e-07
1.08473e-01 4.46139e+00 2.02421e-07
1.08473e-01 4.55396e+00 9.76560e-08
1.08473e-01 4.63857e+00 4.77118e-08
1.08473e-01 4.71492e+00 2.39754e-08
1.08473e-01 4.78270e+00 1.25792e-08
1.08473e-01 4.84164e+00 6.99008e-09
1.08473e-01 4.89153e+00 4.16843e-09
1.08473e-01 4.93216e+00 2.69906e-09
1.08473e-01 4.96339e+00 1.91655e-09
1.08473e-01 4.98508e+00 1.50427e-09
1.08473e-01 4.99717e+00 1.31235e-09
1.58358e-01 2.83399e-03 7.07009e-07
1.58358e-01 1.49201e-02 1.95772e-05
1.58358e-01 3.66148e-02 1.17309e-04
1.58358e-01 6.78390e-02 3.96843e-04
1.58358e-01 1.08473e-01 9.82783e-04
1.58358e-01 1.58358e-01 1.97621e-03
1.58358e-01 2.17304e-01 3.38767e-03
1.58358e-01 2.85080e-01 5.07953e-03
1.58358e-01 3.61426e-01 6.77051e-03
1.58358e-01 4.46045e-01 8.12939e-03
1.58358e-01 5.38610e-01 8.91116e-03
1.58358e-01 6.38764e-01 9.04347e-03
1.58358e-01 7.46119e-01 8.61497e-03
1.58358e-01 8.60259e-01 7.79917e-03
1.58358e-01 9.80743e-01 6.77725e-03
1.58358e-01 1.10710e+00 5.69476e-03
1.58358e-01 1.23885e+00 4.65079e-03
1.58358e-01 1.37548e+00 3.70429e-03
1.58358e-01 1.51646e+00 2.88438e-03
1.58358e-01 1.66125e+00 2.19885e-03
1.58358e-01 1.80928e+00 1.63953e-03
1.58358e-01 1.95998e+00 1.18633e-03
1.58358e-01 2.11277e+00 8.12890e-04
1.58358e-01 2.26706e+00 4.96284e-04
1.58358e-01 2.42225e+00 2.29745e-04
1.58358e-01 2.57775e+00 2.94636e-05
1.58358e-01 2.73294e+00 -7.87004e-05
1.58358e-01 2.88723e+00 -9.21511e-05
1.58358e-01 3.04002e+00 -4.94381e-05
1.58358e-01 3.19072e+00 -2.19765e-06
1.58358e-01 3.33875e+00 2.37731e-05
1.58358e-01 3.48354e+00 2.98961e-05
1.58358e-01 3.62452e+00 2.56170e-05
1.58358e-01 3.76115e+00 1.82248e-05
1.58358e-01 3.89290e+00 1.14727e-05
1.58358e-01 4.01926e+00 6.59913e-06
1.58358e-01 4.13974e+00 3.54422e-06
1.58358e-01 4.25388e+00 1.80908e-06
1.58358e-01 4.36124e+00 8.91996e-07
1.58358e-01 4.46139e+00 4.31623e-07
1.58358e-01 4.55396e+00 2.08219e-07
1.58358e-01 4.63857e+00 1.01724e-07
1.58358e-01 4.71492e+00 5.11149e-08
1.58358e-01 4.78270e+00 2.68176e-08
1.58358e-01 4.84164e+00 1.49018e-08
1.58358e-01 4.89153e+00 8.88628e-09
1.58358e-01 4.93216e+00 5.75378e-09
1.58358e-01 4.96339e+00 4.08561e-09
1.58358e-01 4.98508e+00 3.20671e-09
1.58358e-01 4.99717e+00 2.79757e-09
2.17304e-01 2.83399e-03 1.20134e-06
2.17304e-01 1.49201e-02 3.32681e-05
2.17304e-01 3.66148e-02 1.99430e-04
2.17304e-01 6.78390e-02 6.75461e-04
2.17304e-01 1.08473e-01 1.67709e-03
2.17304e-01 1.58358e-01 3.38767e-03
2.17304e-01 2.17304e-01 5.84743e-03
2.17304e-01 2.85080e-01 8.84914e-03
2.17304e-01 3.61426e-01 1.19256e-02
2.17304e-01 4.46045e-01 1.44882e-02
2.17304e-01 5.38610e-01 1.60620e-02
2.17304e-01 6.38764e-01 1.64635e-02
2.17304e-01 7.46119e-01 1.58117e-02
2.17304e-01 8.60259e-01 1.44052e-02
2.17304e-01 9.80743e-01 1.25774e-02
2.17304e-01 1.10710e+00 1.06060e-02
2.17304e-01 1.23885e+00 8.68485e-03
2.17304e-01 1.37548e+00 6.93179e-03
2.17304e-01 1.51646e+00 5.40681e-03
2.17304e-01 1.66125e+00 4.12809e-03
2.17304e-01 1.80928e+00 3.08257e-03
2.17304e-01 1.95998e+00 2.23391e-03
2.17304e-01 2.11277e+00 1.53345e-03
2.17304e-01 2.26706e+00 9.38682e-04
2.17304e-01 2.42225e+00 4.37259e-04
2.17304e-01 2.57775e+00 5.99339e-05
2.17304e-01 2.73294e+00 -1.44396e-04
2.17304e-01 2.88723e+00 -1.70624e-04
2.17304e-01 3.04002e+00 -9.11010e-05
2.17304e-01 3.19072e+00 -2.88665e-06
2.17304e-01 3.33875e+00 4.54963e-05
2.17304e-01 3.48354e+00 5.66957e-05
2.17304e-01 3.62452e+00 4.84442e-05
2.17304e-01 3.76115e+00 3.44186e-05
2.17304e-01 3.89290e+00 2.16502e-05
2.17304e-01 4.01926e+00 1.24471e-05
2.17304e-01 4.13974e+00 6.68272e-06
2.17304e-01 4.25388e+00 3.41024e-06
2.17304e-01 4.36124e+00 1.68116e-06
2.17304e-01 4.46139e+00 8.13376e-07
2.17304e-01 4.55396e+00 3.92338e-07
2.17304e-01 4.63857e+00 1.91659e-07
2.17304e-01 4.71492e+00 9.62990e-08
2.17304e-01 4.78270e+00 5.05208e-08
2.17304e-01 4.84164e+00 2.80718e-08
2.17304e-01 4.89153e+00 1.67393e-08
2.17304e-01 4.93216e+00 1.08383e-08
2.17304e-01 4.96339e+00 7.69584e-09
2.17304e-01 4.98508e+00 6.04024e-09
2.17304e-01 4.99717e+00 5.26953e-09
2.85080e-01 2.83399e-03 1.78054e-06
2.85080e-01 1.49201e-02 4.93126e-05
2.85080e-01 3.66148e-02 2.95773e-04
2.85080e-01 6.78390e-02 1.00335e-03
2.85080e-01 1.08473e-01 2.49961e-03
2.85080e-01 1.58358e-01 5.07953e-03
2.85080e-01 2.17304e-01 8.84914e-03
2.85080e-01 2.85080e-01 1.35616e-02
2.85080e-01 3.61426e-01 1.85591e-02
2.85080e-01 4.46045e-01 2.29291e-02
2.85080e-01 5.38610e-01 2.58449e-02
2.85080e-01 6.38764e-01 2.68896e-02
2.85080e-01 7.46119e-01 2.61485e-02
2.85080e-01 8.60259e-01 2.40567e-02
2.85080e-01 9.80743e-01 2.11607e-02
2.85080e-01 1.10710e+00 1.79431e-02
2.85080e-01 1.23885e+00 1.47546e-02
2.85080e-01 1.37548e+00 1.18149e-02
2.85080e-01 1.51646e+00 9.24048e-03
2.85080e-01 1.66125e+00 7.07197e-03
2.85080e-01 1.80928e+00 5.29294e-03
2.85080e-01 1.95998e+00 3.84487e-03
2.85080e-01 2.11277e+00 2.64661e-03
2.85080e-01 2.26706e+00 1.62667e-03
2.85080e-01 2.42225e+00 7.64920e-04
2.85080e-01 2.57775e+00 1.14981e-04
2.85080e-01 2.73294e+00 -2.38444e-04
2.85080e-01 2.88723e+00 -2.85979e-04
2.85080e-01 3.04002e+00 -1.51522e-04
2.85080e-01 3.19072e+00 -1.66129e-06
2.85080e-01 3.33875e+00 8.02312e-05
2.85080e-01 3.48354e+00 9.86329e-05
2.85080e-01 3.62452e+00 8.39199e-05
2.85080e-01 3.76115e+00 5.95019e-05
2.85080e-01 3.89290e+00 3.73841e-05
2.85080e-01 4.01926e+00 2.14765e-05
2.85080e-01 4.13974e+00 1.15246e-05
2.85080e-01 4.25388e+00 5.87886e-06
2.85080e-01 4.36124e+00 2.89733e-06
2.85080e-01 4.46139e+00 1.40148e-06
2.85080e-01 4.55396e+00 6.75901e-07
2.85080e-01 4.63857e+00 3.30137e-07
2.85080e-01 4.71492e+00 1.65861e-07
2.85080e-01 4.78270e+00 8.70075e-08
2.85080e-01 4.84164e+00 4.83425e-08
2.85080e-01 4.89153e+00 2.88253e-08
2.85080e-01 4.93216e+00 1.86629e-08
2.85080e-01 4.96339e+00 1.32514e-08
2.85080e-01 4.98508e+00 1.04005e-08
2.85080e-01 4.99717e+00 9.07332e-09
3.61426e-01 2.83399e-03 2.34140e-06
3.61426e-01 1.49201e-02 6.48537e-05
3.61426e-01 3.66148e-02 3.89231e-04
3.61426e-01 6.78390e-02 1.32278e-03
3.61426e-01 1.08473e-01 3.30838e-03
3.61426e-01 1.58358e-01 6.77051e-03
3.61426e-01 2.17304e-01 1.19256e-02
3.61426e-01 2.85080e-01 1.85591e-02
3.61426e-01 3.61426e-01 2.58924e-02
3.61426e-01 4.46045e-01 3.26944e-02
3.61426e-01 5.38610e-01 3.76842e-02
3.61426e-01 6.38764e-01 4.00307e-02
3.61426e-01 7.46119e-01 3.96262e-02
3.61426e-01 8.60259e-01 3.69802e-02
3.61426e-01 9.80743e-01 3.28866e-02
3.61426e-01 1.10710e+00 2.81170e-02
3.61426e-01 1.23885e+00 2.32652e-02
3.61426e-01 1.37548e+00 1.87206e-02
3.61426e-01 1.51646e+00 1.47001e-02
3.61426e-01 1.66125e+00 1.12902e-02
3.61426e-01 1.80928e+00 8.47857e-03
3.61426e-01 1.95998e+00 6.18044e-03
3.61426e-01 2.11277e+00 4.27147e-03
3.61426e-01 2.26706e+00 2.64075e-03
3.61426e-01 2.42225e+00 1.25848e-03
3.61426e-01 2.57775e+00 2.12520e-04
3.61426e-01 2.73294e+00 -3.59705e-04
3.61426e-01 2.88723e+00 -4.41743e-04
3.61426e-01 3.04002e+00 -2.31269e-04
3.61426e-01 3.19072e+00 5.01461e-06
3.61426e-01 3.33875e+00 1.33427e-04
3.61426e-01 3.48354e+00 1.60972e-04
3.61426e-01 3.62452e+00 1.36138e-04
3.61426e-01 3.76115e+00 9.62453e-05
3.61426e-01 3.89290e+00 6.03674e-05
3.61426e-01 4.01926e+00 3.46423e-05
3.61426e-01 4.13974e+00 1.85756e-05
3.61426e-01 4.25388e+00 9.47059e-06
3.61426e-01 4.36124e+00 4.66559e-06
3.61426e-01 4.46139e+00 2.25612e-06
3.61426e-01 4.55396e+00 1.08782e-06
3.61426e-01 4.63857e+00 5.31234e-07
3.61426e-01 4.71492e+00 2.66852e-07
3.61426e-01 4.78270e+00 1.39969e-07
3.61426e-01 4.84164e+00 7.77612e-08
3.61426e-01 4.89153e+00 4.63636e-08
3.61426e-01 4.93216e+00 3.00163e-08
3.61426e-01 4.96339e+00 2.13120e-08
3.61426e-01 4.98508e+00 1.67263e-08
3.61426e-01 4.99717e+00 1.45918e-08
4.46045e-01 2.83399e-03 2.77198e-06
4.46045e-01 1.49201e-02 7.67897e-05
4.46045e-01 3.66148e-02 4.61165e-04
4.46045e-01 6.78390e-02 1.57020e-03
4.46045e-01 1.08473e-01 3.94319e-03
4.46045e-01 1.58358e-01 8.12939e-03
4.46045e-01 2.17304e-01 1.44882e-02
4.46045e-01 2.85080e-01 2.29291e-02
4.46045e-01 3.61426e-01 3.26944e-02
4.46045e-01 4.46045e-01 4.23601e-02
4.46045e-01 5.38610e-01 5.01914e-02
4.46045e-01 6.38764e-01 5.47693e-02
4.46045e-01 7.46119e-01 5.55296e-02
4.46045e-01 8.60259e-01 5.28572e-02
4.46045e-01 9.80743e-01 4.77400e-02
4.46045e-01 1.10710e+00 4.13002e-02
4.46045e-01 1.23885e+00 3.44811e-02
4.46045e-01 1.37548e+00 2.79400e-02
4.46045e-01 1.51646e+00 2.20657e-02
4.46045e-01 1.66125e+00 1.70328e-02
4.46045e-01 1.80928e+00 1.28523e-02
4.46045e-01 1.95998e+00 9.41459e-03
4.46045e-01 2.11277e+00 6.54326e-03
4.46045e-01 2.26706e+00 4.07786e-03
4.46045e-01 2.42225e+00 1.97847e-03
4.46045e-01 2.57775e+00 3.82495e-04
4.46045e-01 2.73294e+00 -4.97976e-04
4.46045e-01 2.88723e+00 -6.34948e-04
4.46045e-01 3.04002e+00 -3.26376e-04
4.46045e-01 3.19072e+00 2.37744e-05
4.46045e-01 3.33875e+00 2.12564e-04
4.46045e-01 3.48354e+00 2.50242e-04
4.46045e-01 3.62452e+00 2.09934e-04
4.46045e-01 3.76115e+00 1.47833e-04
4.46045e-01 3.89290e+00 9.25115e-05
4.46045e-01 4.01926e+00 5.30097e-05
4.46045e-01 4.13974e+00 2.83952e-05
4.46045e-01 4.25388e+00 1.44664e-05
4.46045e-01 4.36124e+00 7.12278e-06
4.46045e-01 4.46139e+00 3.44288e-06
4.46045e-01 4.55396e+00 1.65948e-06
4.46045e-01 4.63857e+00 8.10197e-07
4.46045e-01 4.71492e+00 4.06899e-07
4.46045e-01 4.78270e+00 2.13392e-07
4.46045e-01 4.84164e+00 1.18537e-07
4.46045e-01 4.89153e+00 7.06680e-08
4.46045e-01 4.93216e+00 4.57478e-08
4.46045e-01 4.96339e+00 3.24796e-08
4.46045e-01 4.98508e+00 2.54902e-08
4.46045e-01 4.99717e+00 2.22367e-08
5.38610e-01 2.83399e-03 2.99848e-06
5.38610e-01 1.49201e-02 8.30738e-05
5.38610e-01 3.66148e-02 4.99206e-04
5.38610e-01 6.78390e-02 1.70270e-03
5.38610e-01 1.08473e-01 4.29230e-03
5.38610e-01 1.58358e-01 8.91116e-03
5.38610e-01 2.17304e-01 1.60620e-02
5.38610e-01 2.85080e-01 2.58449e-02
5.38610e-01 3.61426e-01 3.76842e-02
5.38610e-01 4.46045e-01 5.01914e-02
5.38610e-01 5.38610e-01 6.13571e-02
5.38610e-01 6.38764e-01 6.91443e-02
5.38610e-01 7.46119e-01 7.22570e-02
5.38610e-01 8.60259e-01 7.05991e-02
5.38610e-01 9.80743e-01 6.51234e-02
5.38610e-01 1.10710e+00 5.72676e-02
5.38610e-01 1.23885e+00 4.84150e-02
5.38610e-01 1.37548e+00 3.96163e-02
5.38610e-01 1.51646e+00 3.15384e-02
5.38610e-01 1.66125e+00 2.45155e-02
5.38610e-01 1.80928e+00 1.86203e-02
5.38610e-01 1.95998e+00 1.37308e-02
5.38610e-01 2.11277e+00 9.61516e-03
5.38610e-01 2.26706e+00 6.05604e-03
5.38610e-01 2.42225e+00 3.00617e-03
5.38610e-01 2.57775e+00 6.73020e-04
5.38610e-01 2.73294e+00 -6.28605e-04
5.38610e-01 2.88723e+00 -8.52055e-04
5.38610e-01 3.04002e+00 -4.25678e-04
5.38610e-01 3.19072e+00 6.58540e-05
5.38610e-01 3.33875e+00 3.27903e-04
5.38610e-01 3.48354e+00 3.74559e-04
5.38610e-01 3.62452e+00 3.11003e-04
5.38610e-01 3.76115e+00 2.17890e-04
5.38610e-01 3.89290e+00 1.35944e-04
5.38610e-01 4.01926e+00 7.77451e-05
5.38610e-01 4.13974e+00 4.15890e-05
5.38610e-01 4.25388e+00 2.11675e-05
5.38610e-01 4.36124e+00 1.04146e-05
5.38610e-01 4.46139e+00 5.03123e-06
5.38610e-01 4.55396e+00 2.42403e-06
5.38610e-01 4.63857e+00 1.18306e-06
5.38610e-01 4.71492e+00 5.93998e-07
5.38610e-01 4.78270e+00 3.11446e-07
5.38610e-01 4.84164e+00 1.72975e-07
5.38610e-01 4.89153e+00 1.03109e-07
5.38610e-01 4.93216e+00 6.67418e-08
5.38610e-01 4.96339e+00 4.73813e-08
5.38610e-01 4.98508e+00 3.71832e-08
5.38610e-01 4.99717e+00 3.24364e-08
6.38764e-01 2.83399e-03 3.00831e-06
6.38764e-01 1.49201e-02 8.33543e-05
6.38764e-01 3.66148e-02 5.01150e-04
6.38764e-01 6.78390e-02 1.71190e-03
6.38764e-01 1.08473e-01 4.32970e-03
6.38764e-01 1.58358e-01 9.04347e-03
6.38764e-01 2.17304e-01 1.64635e-02
6.38764e-01 2.85080e-01 2.68896e-02
6.38764e-01 3.61426e-01 4.00307e-02
6.38764e-01 4.46045e-01 5.47693e-02
6.38764e-01 5.38610e-01 6.91443e-02
6.38764e-01 6.38764e-01 8.07303e-02
6.38764e-01 7.46119e-01 8.74201e-02
6.38764e-01 8.60259e-01 8.82444e-02
6.38764e-01 9.80743e-01 8.36756e-02
6.38764e-01 1.10710e+00 7.52212e-02
6.38764e-01 1.23885e+00 6.46936e-02
6.38764e-01 1.37548e+00 5.36536e-02
6.38764e-01 1.51646e+00 4.31844e-02
6.38764e-01 1.66125e+00 3.38888e-02
6.38764e-01 1.80928e+00 2.59677e-02
6.38764e-01 1.95998e+00 1.93184e-02
6.38764e-01 2.11277e+00 1.36610e-02
6.38764e-01 2.26706e+00 8.72074e-03
6.38764e-01 2.42225e+00 4.45138e-03
6.38764e-01 2.57775e+00 1.15812e-03
6.38764e-01 2.73294e+00 -7.05831e-04
6.38764e-01 2.88723e+00 -1.06402e-03
6.38764e-01 3.04002e+00 -5.07673e-04
6.38764e-01 3.19072e+00 1.48821e-04
6.38764e-01 3.33875e+00 4.93303e-04
6.38764e-01 3.48354e+00 5.43946e-04
6.38764e-01 3.62452e+00 4.45987e-04
6.38764e-01 3.76115e+00 3.10481e-04
6.38764e-01 3.89290e+00 1.92983e-04
6.38764e-01 4.01926e+00 1.10094e-04
6.38764e-01 4.13974e+00 5.87935e-05
6.38764e-01 4.25388e+00 2.98870e-05
6.38764e-01 4.36124e+00 1.46911e-05
6.38764e-01 4.46139e+00 7.09210e-06
6.38764e-01 4.55396e+00 3.41505e-06
6.38764e-01 4.63857e+00 1.66601e-06
6.38764e-01 4.71492e+00 8.36188e-07
6.38764e-01 4.78270e+00 4.38310e-07
6.38764e-01 4.84164e+00 2.43382e-07
6.38764e-01 4.89153e+00 1.45053e-07
6.38764e-01 4.93216e+00 9.38796e-08
6.38764e-01 4.96339e+00 6.66405e-08
6.38764e-01 4.98508e+00 5.22937e-08
6.38764e-01 4.99717e+00 4.56164e-08
7.46119e-01 2.83399e-03 2.83938e-06
7.46119e-01 1.49201e-02 7.86799e-05
7.46119e-01 3.66148e-02 4.73241e-04
7.46119e-01 6.78390e-02 1.61851e-03
7.46119e-01 1.08473e-01 4.10435e-03
7.46119e-01 1.58358e-01 8.61497e-03
7.46119e-01 2.17304e-01 1.58117e-02
7.46119e-01 2.85080e-01 2.61485e-02
7.46119e-01 3.61426e-01 3.96262e-02
7.46119e-01 4.46045e-01 5.55296e-02
7.46119e-01 5.38610e-01 7.22570e-02
7.46119e-01 6.38764e-01 8.74201e-02
7.46119e-01 7.46119e-01 9.83803e-02
7.46119e-01 8.60259e-01 1.03156e-01
7.46119e-01 9.80743e-01 1.01227e-01
7.46119e-01 1.10710e+00 9.36502e-02
7.46119e-01 1.23885e+00 8.24162e-02
7.46119e-01 1.37548e+00 6.96094e-02
7.46119e-01 1.51646e+00 5.68650e-02
7.46119e-01 1.66125e+00 4.51970e-02
7.46119e-01 1.80928e+00 3.50389e-02
7.46119e-01 1.95998e+00 2.63666e-02
7.46119e-01 2.11277e+00 1.88778e-02
7.46119e-01 2.26706e+00 1.22518e-02
7.46119e-01 2.42225e+00 6.46129e-03
7.46119e-01 2.57775e+00 1.94659e-03
7.46119e-01 2.73294e+00 -6.55278e-04
7.46119e-01 2.88723e+00 -1.22084e-03
7.46119e-01 3.04002e+00 -5.37163e-04
7.46119e-01 3.19072e+00 2.98301e-04
7.46119e-01 3.33875e+00 7.26941e-04
7.46119e-01 3.48354e+00 7.70541e-04
7.46119e-01 3.62452e+00 6.22462e-04
7.46119e-01 3.76115e+00 4.30040e-04
7.46119e-01 3.89290e+00 2.66074e-04
7.46119e-01 4.01926e+00 1.51336e-04
7.46119e-01 4.13974e+00 8.06477e-05
7.46119e-01 4.25388e+00 4.09337e-05
7.46119e-01 4.36124e+00 2.00980e-05
7.46119e-01 4.46139e+00 9.69376e-06
7.46119e-01 4.55396e+00 4.66461e-06
7.46119e-01 4.63857e+00 2.27436e-06
7.46119e-01 4.71492e+00 1.14103e-06
7.46119e-01 4.78270e+00 5.97898e-07
7.46119e-01 4.84164e+00 3.31906e-07
7.46119e-01 4.89153e+00 1.97769e-07
7.46119e-01 4.93216e+00 1.27978e-07
7.46119e-01 4.96339e+00 9.08341e-08
7.46119e-01 4.98508e+00 7.12731e-08
7.46119e-01 4.99717e+00 6.21695e-08
8.60259e-01 2.83399e-03 2.55229e-06
8.60259e-01 1.49201e-02 7.07287e-05
8.60259e-01 3.66148e-02 4.25551e-04
8.60259e-01 6.78390e-02 1.45675e-03
8.60259e-01 1.08473e-01 3.70165e-03
8.60259e-01 1.58358e-01 7.79917e-03
8.60259e-01 2.17304e-01 1.44052e-02
8.60259e-01 2.85080e-01 2.40567e-02
8.60259e-01 3.61426e-01 3.69802e-02
8.60259e-01 4.46045e-01 5.28572e-02
8.60259e-01 5.38610e-01 7.05991e-02
8.60259e-01 6.38764e-01 8.82444e-02
8.60259e-01 7.46119e-01 1.03156e-01
8.60259e-01 8.60259e-01 1.12668e-01
8.60259e-01 9.80743e-01 1.15065e-01
8.60259e-01 1.10710e+00 1.10329e-01
8.60259e-01 1.23885e+00 1.00047e-01
8.60259e-01 1.37548e+00 8.65811e-02
8.60259e-01 1.51646e+00 7.21504e-02
8.60259e-01 1.66125e+00 5.83246e-02
8.60259e-01 1.80928e+00 4.59092e-02
8.60259e-01 1.95998e+00 3.50532e-02
8.60259e-01 2.11277e+00 2.54852e-02
8.60259e-01 2.26706e+00 1.68690e-02
8.60259e-01 2.42225e+00 9.22870e-03
8.60259e-01 2.57775e+00 3.19056e-03
8.60259e-01 2.73294e+00 -3.66644e-04
8.60259e-01 2.88723e+00 -1.24639e-03
8.60259e-01 3.04002e+00 -4.62301e-04
8.60259e-01 3.19072e+00 5.49275e-04
8.60259e-01 3.33875e+00 1.05164e-03
8.60259e-01 3.48354e+00 1.06849e-03
8.60259e-01 3.62452e+00 8.48719e-04
8.60259e-01 3.76115e+00 5.81166e-04
8.60259e-01 3.89290e+00 3.57640e-04
8.60259e-01 4.01926e+00 2.02688e-04
8.60259e-01 4.13974e+00 1.07743e-04
8.60259e-01 4.25388e+00 5.45855e-05
8.60259e-01 4.36124e+00 2.67639e-05
8.60259e-01 4.46139e+00 1.28951e-05
8.60259e-01 4.55396e+00 6.19993e-06
8.60259e-01 4.63857e+00 3.02096e-06
8.60259e-01 4.71492e+00 1.51480e-06
8.60259e-01 4.78270e+00 7.93419e-07
8.60259e-01 4.84164e+00 4.40298e-07
8.60259e-01 4.89153e+00 2.62288e-07
8.60259e-01 4.93216e+00 1.69694e-07
8.60259e-01 4.96339e+00 1.20425e-07
8.60259e-01 4.98508e+00 9.44826e-08
8.60259e-01 4.99717e+00 8.24101e-08
9.80743e-01 2.83399e-03 2.20610e-06
9.80743e-01 1.49201e-02 6.11379e-05
9.80743e-01 3.66148e-02 3.67933e-04
9.80743e-01 6.78390e-02 1.26038e-03
9.80743e-01 1.08473e-01 3.20753e-03
9.80743e-01 1.58358e-01 6.77725e-03
9.80743e-01 2.17304e-01 1.25774e-02
9.80743e-01 2.85080e-01 2.11607e-02
9.80743e-01 3.61426e-01 3.28866e-02
9.80743e-01 4.46045e-01 4.77400e-02
9.80743e-01 5.38610e-01 6.51234e-02
9.80743e-01 6.38764e-01 8.36756e-02
9.80743e-01 7.46119e-01 1.01227e-01
9.80743e-01 8.60259e-01 1.15065e-01
9.80743e-01 9.80743e-01 1.22652e-01
9.80743e-01 1.10710e+00 1.22622e-01
9.80743e-01 1.23885e+00 1.15441e-01
9.80743e-01 1.37548e+00 1.03120e-01
9.80743e-01 1.51646e+00 8.82246e-02
9.80743e-01 1.66125e+00 7.29244e-02
9.80743e-01 1.80928e+00 5.85387e-02
9.80743e-01 1.95998e+00 4.55200e-02
9.80743e-01 2.11277e+00 3.37153e-02
9.80743e-01 2.26706e+00 2.28306e-02
9.80743e-01 2.42225e+00 1.29954e-02
9.80743e-01 2.57775e+00 5.09072e-03
9.80743e-01 2.73294e+00 3.11195e-04
9.80743e-01 2.88723e+00 -1.03509e-03
9.80743e-01 3.04002e+00 -2.13063e-04
9.80743e-01 3.19072e+00 9.46250e-04
9.80743e-01 3.33875e+00 1.49437e-03
9.80743e-01 3.48354e+00 1.45327e-03
9.80743e-01 3.62452e+00 1.13316e-03
9.80743e-01 3.76115e+00 7.68190e-04
9.80743e-01 3.89290e+00 4.69810e-04
9.80743e-01 4.01926e+00 2.65156e-04
9.80743e-01 4.13974e+00 1.40536e-04
9.80743e-01 4.25388e+00 7.10462e-05
9.80743e-01 4.36124e+00 3.47780e-05
9.80743e-01 4.46139e+00 1.67354e-05
9.80743e-01 4.55396e+00 8.03839e-06
9.80743e-01 4.63857e+00 3.91370e-06
9.80743e-01 4.71492e+00 1.96123e-06
9.80743e-01 4.78270e+00 1.02674e-06
9.80743e-01 4.84164e+00 5.69550e-07
9.80743e-01 4.89153e+00 3.39179e-07
9.80743e-01 4.93216e+00 2.19388e-07
9.80743e-01 4.96339e+00 1.55665e-07
9.80743e-01 4.98508e+00 1.22116e-07
9.80743e-01 4.99717e+00 1.06506e-07
1.10710e+00 2.83399e-03 1.84642e-06
1.10710e+00 1.49201e-02 5.11719e-05
1.10710e+00 3.66148e-02 3.08011e-04
1.10710e+00 6.78390e-02 1.05565e-03
1.10710e+00 1.08473e-01 2.68954e-03
1.10710e+00 1.58358e-01 5.69476e-03
1.10710e+00 2.17304e-01 1.06060e-02
1.10710e+00 2.85080e-01 1.79431e-02
1.10710e+00 3.61426e-01 2.81170e-02
1.10710e+00 4.46045e-01 4.13002e-02
1.10710e+00 5.38610e-01 5.72676e-02
1.10710e+00 6.38764e-01 7.52212e-02
1.10710e+00 7.46119e-01 9.36502e-02
1.10710e+00 8.60259e-01 1.10329e-01
1.10710e+00 9.80743e-01 1.22622e-01
1.10710e+00 1.10710e+00 1.28227e-01
1.10710e+00 1.23885e+00 1.26151e-01
1.10710e+00 1.37548e+00 1.17257e-01
1.10710e+00 1.51646e+00 1.03802e-01
1.10710e+00 1.66125e+00 8.83218e-02
1.10710e+00 1.80928e+00 7.26981e-02
1.10710e+00 1.95998e+00 5.78216e-02
1.10710e+00 2.11277e+00 4.37802e-02
1.10710e+00 2.26706e+00 3.04149e-02
1.10710e+00 2.42225e+00 1.80429e-02
1.10710e+00 2.57775e+00 7.89243e-03
1.10710e+00 2.73294e+00 1.56884e-03
1.10710e+00 2.88723e+00 -4.52817e-04
1.10710e+00 3.04002e+00 2.97259e-04
1.10710e+00 3.19072e+00 1.54130e-03
1.10710e+00 3.33875e+00 2.08428e-03
1.10710e+00 3.48354e+00 1.94006e-03
1.10710e+00 3.62452e+00 1.48315e-03
1.10710e+00 3.76115e+00 9.94429e-04
1.10710e+00 3.89290e+00 6.03973e-04
1.10710e+00 4.01926e+00 3.39280e-04
1.10710e+00 4.13974e+00 1.79222e-04
1.10710e+00 4.25388e+00 9.03802e-05
1.10710e+00 4.36124e+00 4.41594e-05
1.10710e+00 4.46139e+00 2.12189e-05
1.10710e+00 4.55396e+00 1.01803e-05
1.10710e+00 4.63857e+00 4.95207e-06
1.10710e+00 4.71492e+00 2.47978e-06
1.10710e+00 4.78270e+00 1.29746e-06
1.10710e+00 4.84164e+00 7.19392e-07
1.10710e+00 4.89153e+00 4.28258e-07
1.10710e+00 4.93216e+00 2.76930e-07
1.10710e+00 4.96339e+00 1.96453e-07
1.10710e+00 4.98508e+00 1.54093e-07
1.10710e+00 4.99717e+00 1.34385e-07
1.23885e+00 2.83399e-03 1.50346e-06
1.23885e+00 1.49201e-02 4.16679e-05
1.23885e+00 3.66148e-02 2.50838e-04
1.23885e+00 6.78390e-02 8.60033e-04
1.23885e+00 1.08473e-01 2.19301e-03
1.23885e+00 1.58358e-01 4.65079e-03
1.23885e+00 2.17304e-01 8.68485e-03
1.23885e+00 2.85080e-01 1.47546e-02
1.23885e+00 3.61426e-01 2.32652e-02
1.23885e+00 4.46045e-01 3.44811e-02
1.23885e+00 5.38610e-01 4.84150e-02
1.23885e+00 6.38764e-01 6.46936e-02
1.23885e+00 7.46119e-01 8.24162e-02
1.23885e+00 8.60259e-01 1.00047e-01
1.23885e+00 9.80743e-01 1.15441e-01
1.23885e+00 1.10710e+00 1.26151e-01
1.23885e+00 1.23885e+00 1.30159e-01
1.23885e+00 1.37548e+00 1.26790e-01
1.23885e+00 1.51646e+00 1.17128e-01
1.23885e+00 1.66125e+00 1.03409e-01
1.23885e+00 1.80928e+00 8.78497e-02
1.23885e+00 1.95998e+00 7.18263e-02
1.23885e+00 2.11277e+00 5.57979e-02
1.23885e+00 2.26706e+00 3.98673e-02
1.23885e+00 2.42225e+00 2.46568e-02
1.23885e+00 2.57775e+00 1.18634e-02
1.23885e+00 2.73294e+00 3.62273e-03
1.23885e+00 2.88723e+00 6.54142e-04
1.23885e+00 3.04002e+00 1.16537e-03
1.23885e+00 3.19072e+00 2.38873e-03
1.23885e+00 3.33875e+00 2.84859e-03
1.23885e+00 3.48354e+00 2.54086e-03
1.23885e+00 3.62452e+00 1.90309e-03
1.23885e+00 3.76115e+00 1.26102e-03
1.23885e+00 3.89290e+00 7.60119e-04
1.23885e+00 4.01926e+00 4.24786e-04
1.23885e+00 4.13974e+00 2.23555e-04
1.23885e+00 4.25388e+00 1.12425e-04
1.23885e+00 4.36124e+00 5.48144e-05
1.23885e+00 4.46139e+00 2.62955e-05
1.23885e+00 4.55396e+00 1.25996e-05
1.23885e+00 4.63857e+00 6.12256e-06
1.23885e+00 4.71492e+00 3.06339e-06
1.23885e+00 4.78270e+00 1.60175e-06
1.23885e+00 4.84164e+00 8.87643e-07
1.23885e+00 4.89153e+00 5.28200e-07
1.23885e+00 4.93216e+00 3.41449e-07
1.23885e+00 4.96339e+00 2.42166e-07
1.23885e+00 4.98508e+00 1.89919e-07
1.23885e+00 4.99717e+00 1.65615e-07
1.37548e+00 2.83399e-03 1.19470e-06
1.37548e+00 1.49201e-02 3.31115e-05
1.37548e+00 3.66148e-02 1.99349e-04
1.37548e+00 6.78390e-02 6.83702e-04
1.37548e+00 1.08473e-01 1.74454e-03
1.37548e+00 1.58358e-01 3.70429e-03
1.37548e+00 2.17304e-01 6.93179e-03
1.37548e+00 2.85080e-01 1.18149e-02
1.37548e+00 3.61426e-01 1.87206e-02
1.37548e+00 4.46045e-01 2.79400e-02
1.37548e+00 5.38610e-01 3.96163e-02
1.37548e+00 6.38764e-01 5.36536e-02
1.37548e+00 7.46119e-01 6.96094e-02
1.37548e+00 8.60259e-01 8.65811e-02
1.37548e+00 9.80743e-01 1.03120e-01
1.37548e+00 1.10710e+00 1.17257e-01
1.37548e+00 1.23885e+00 1.26790e-01
1.37548e+00 1.37548e+00 1.29943e-01
1.37548e+00 1.51646e+00 1.26198e-01
1.37548e+00 1.66125e+00 1.16586e-01
1.37548e+00 1.80928e+00 1.02989e-01
1.37548e+00 1.95998e+00 8.70492e-02
1.37548e+00 2.11277e+00 6.96487e-02
1.37548e+00 2.26706e+00 5.12889e-02
1.37548e+00 2.42225e+00 3.30466e-02
1.37548e+00 2.57775e+00 1.72400e-02
1.37548e+00 2.73294e+00 6.68120e-03
1.37548e+00 2.88723e+00 2.43777e-03
1.37548e+00 3.04002e+00 2.48373e-03
1.37548e+00 3.19072e+00 3.53507e-03
1.37548e+00 3.33875e+00 3.80572e-03
1.37548e+00 3.48354e+00 3.25993e-03
1.37548e+00 3.62452e+00 2.39165e-03
1.37548e+00 3.76115e+00 1.56532e-03
1.37548e+00 3.89290e+00 9.35964e-04
1.37548e+00 4.01926e+00 5.20130e-04
1.37548e+00 4.13974e+00 2.72621e-04
1.37548e+00 4.25388e+00 1.36682e-04
1.37548e+00 4.36124e+00 6.64857e-05
1.37548e+00 4.46139e+00 3.18362e-05
1.37548e+00 4.55396e+00 1.52324e-05
1.37548e+00 4.63857e+00 7.39342e-06
1.37548e+00 4.71492e+00 3.69583e-06
1.37548e+00 4.78270e+00 1.93100e-06
1.37548e+00 4.84164e+00 1.06947e-06
1.37548e+00 4.89153e+00 6.36104e-07
1.37548e+00 4.93216e+00 4.11055e-07
1.37548e+00 4.96339e+00 2.91456e-07
1.37548e+00 4.98508e+00 2.28535e-07
1.37548e+00 4.99717e+00 1.99270e-07
1.51646e+00 2.83399e-03 9.28476e-07
1.51646e+00 1.49201e-02 2.57334e-05
1.51646e+00 3.66148e-02 1.54943e-04
1.51646e+00 6.78390e-02 5.31534e-04
1.51646e+00 1.08473e-01 1.35701e-03
1.51646e+00 1.58358e-01 2.88438e-03
1.51646e+00 2.17304e-01 5.40681e-03
1.51646e+00 2.85080e-01 9.24048e-03
1.51646e+00 3.61426e-01 1.47001e-02
1.51646e+00 4.46045e-01 2.20657e-02
1.51646e+00 5.38610e-01 3.15384e-02
1.51646e+00 6.38764e-01 4.31844e-02
1.51646e+00 7.46119e-01 5.68650e-02
1.51646e+00 8.60259e-01 7.21504e-02
1.51646e+00 9.80743e-01 8.82246e-02
1.51646e+00 1.10710e+00 1.03802e-01
1.51646e+00 1.23885e+00 1.17128e-01
1.51646e+00 1.37548e+00 1.26198e-01
1.51646e+00 1.51646e+00 1.29331e-01
1.51646e+00 1.66125e+00 1.25889e-01
1.51646e+00 1.80928e+00 1.16499e-01
1.51646e+00 1.95998e+00 1.02416e-01
1.51646e+00 2.11277e+00 8.47418e-02
1.51646e+00 2.26706e+00 6.44413e-02
1.51646e+00 2.42225e+00 4.31987e-02
1.51646e+00 2.57775e+00 2.41268e-02
1.51646e+00 2.73294e+00 1.08816e-02
1.51646e+00 2.88723e+00 5.01028e-03
1.51646e+00 3.04002e+00 4.31692e-03
1.51646e+00 3.19072e+00 5.00383e-03
1.51646e+00 3.33875e+00 4.95547e-03
1.51646e+00 3.48354e+00 4.08785e-03
1.51646e+00 3.62452e+00 2.93832e-03
1.51646e+00 3.76115e+00 1.89900e-03
1.51646e+00 3.89290e+00 1.12596e-03
1.51646e+00 4.01926e+00 6.22003e-04
1.51646e+00 4.13974e+00 3.24597e-04
1.51646e+00 4.25388e+00 1.62206e-04
1.51646e+00 4.36124e+00 7.87010e-05
1.51646e+00 4.46139e+00 3.76103e-05
1.51646e+00 4.55396e+00 1.79666e-05
1.51646e+00 4.63857e+00 8.70949e-06
1.51646e+00 4.71492e+00 4.34928e-06
1.51646e+00 4.78270e+00 2.27056e-06
1.51646e+00 4.84164e+00 1.25671e-06
1.51646e+00 4.89153e+00 7.47084e-07
1.51646e+00 4.93216e+00 4.82580e-07
1.51646e+00 4.96339e+00 3.42070e-07
1.51646e+00 4.98508e+00 2.68170e-07
1.51646e+00 4.99717e+00 2.33805e-07
1.66125e+00 2.83399e-03 7.06596e-07
1.66125e+00 1.49201e-02 1.95841e-05
1.66125e+00 3.66148e-02 1.17926e-04
1.66125e+00 6.78390e-02 4.04638e-04
1.66125e+00 1.08473e-01 1.03355e-03
1.66125e+00 1.58358e-01 2.19885e-03
1.66125e+00 2.17304e-01 4.12809e-03
1.66125e+00 2.85080e-01 7.07197e-03
1.66125e+00 3.61426e-01 1.12902e-02
1.66125e+00 4.46045e-01 1.70328e-02
1.66125e+00 5.38610e-01 2.45155e-02
1.66125e+00 6.38764e-01 3.38888e-02
1.66125e+00 7.46119e-01 4.51970e-02
1.66125e+00 8.60259e-01 5.83246e-02
1.66125e+00 9.80743e-01 7.29244e-02
1.66125e+00 1.10710e+00 8.83218e-02
1.66125e+00 1.23885e+00 1.03409e-01
1.66125e+00 1.37548e+00 1.16586e-01
1.66125e+00 1.51646e+00 1.25889e-01
1.66125e+00 1.66125e+00 1.29453e-01
1.66125e+00 1.80928e+00 1.26181e-01
1.66125e+00 1.95998e+00 1.16034e-01
1.66125e+00 2.11277e+00 9.97113e-02
1.66125e+00 2.26706e+00 7.84632e-02
1.66125e+00 2.42225e+00 5.46535e-02
1.66125e+00 2.57775e+00 3.23416e-02
1.66125e+00 2.73294e+00 1.61937e-02
1.66125e+00 2.88723e+00 8.38813e-03
1.66125e+00 3.04002e+00 6.66907e-03
1.66125e+00 3.19072e+00 6.77592e-03
1.66125e+00 3.33875e+00 6.26737e-03
1.66125e+00 3.48354e+00 4.99482e-03
1.66125e+00 3.62452e+00 3.51975e-03
1.66125e+00 3.76115e+00 2.24620e-03
1.66125e+00 3.89290e+00 1.32036e-03
1.66125e+00 4.01926e+00 7.24900e-04
1.66125e+00 4.13974e+00 3.76562e-04
1.66125e+00 4.25388e+00 1.87518e-04
1.66125e+00 4.36124e+00 9.07350e-05
1.66125e+00 4.46139e+00 4.32685e-05
1.66125e+00 4.55396e+00 2.06343e-05
1.66125e+00 4.63857e+00 9.98895e-06
1.66125e+00 4.71492e+00 4.98269e-06
1.66125e+00 4.78270e+00 2.59892e-06
1.66125e+00 4.84164e+00 1.43743e-06
1.66125e+00 4.89153e+00 8.54035e-07
1.66125e+00 4.93216e+00 5.51426e-07
1.66125e+00 4.96339e+00 3.90747e-07
1.66125e+00 4.98508e+00 3.06265e-07
1.66125e+00 4.99717e+00 2.66987e-07
1.80928e+00 2.83399e-03 5.25992e-07
1.80928e+00 1.49201e-02 1.45787e-05
1.80928e+00 3.66148e-02 8.77923e-05
1.80928e+00 6.78390e-02 3.01305e-04
1.80928e+00 1.08473e-01 7.69970e-04
1.80928e+00 1.58358e-01 1.63953e-03
1.80928e+00 2.17304e-01 3.08257e-03
1.80928e+00 2.85080e-01 5.29294e-03
1.80928e+00 3.61426e-01 8.47857e-03
1.80928e+00 4.46045e-01 1.28523e-02
1.80928e+00 5.38610e-01 1.86203e-02
1.80928e+00 6.38764e-01 2.59677e-02
1.80928e+00 7.46119e-01 3.50389e-02
1.80928e+00 8.60259e-01 4.59092e-02
1.80928e+00 9.80743e-01 5.85387e-02
1.80928e+00 1.10710e+00 7.26981e-02
1.80928e+00 1.23885e+00 8.78497e-02
1.80928e+00 1.37548e+00 1.02989e-01
1.80928e+00 1.51646e+00 1.16499e-01
1.80928e+00 1.66125e+00 1.26181e-01
1.80928e+00 1.80928e+00 1.29669e-01
1.80928e+00 1.95998e+00 1.25184e-01
1.80928e+00 2.11277e+00 1.12164e-01
1.80928e+00 2.26706e+00 9.15599e-02
1.80928e+00 2.42225e+00 6.62332e-02
1.80928e+00 2.57775e+00 4.12195e-02
1.80928e+00 2.73294e+00 2.22981e-02
1.80928e+00 2.88723e+00 1.24240e-02
1.80928e+00 3.04002e+00 9.44713e-03
1.80928e+00 3.19072e+00 8.76948e-03
1.80928e+00 3.33875e+00 7.66976e-03
1.80928e+00 3.48354e+00 5.92510e-03
1.80928e+00 3.62452e+00 4.09719e-03
1.80928e+00 3.76115e+00 2.58237e-03
1.80928e+00 3.89290e+00 1.50484e-03
1.80928e+00 4.01926e+00 8.20968e-04
1.80928e+00 4.13974e+00 4.24447e-04
1.80928e+00 4.25388e+00 2.10593e-04
1.80928e+00 4.36124e+00 1.01610e-04
1.80928e+00 4.46139e+00 4.83448e-05
1.80928e+00 4.55396e+00 2.30134e-05
1.80928e+00 4.63857e+00 1.11244e-05
1.80928e+00 4.71492e+00 5.54250e-06
1.80928e+00 4.78270e+00 2.88815e-06
1.80928e+00 4.84164e+00 1.59618e-06
1.80928e+00 4.89153e+00 9.47782e-07
1.80928e+00 4.93216e+00 6.11671e-07
1.80928e+00 4.96339e+00 4.33288e-07
1.80928e+00 4.98508e+00 3.39530e-07
1.80928e+00 4.99717e+00 2.95949e-07
1.95998e+00 2.83399e-03 3.79941e-07
1.95998e+00 1.49201e-02 1.05308e-05
1.95998e+00 3.66148e-02 6.34210e-05
1.95998e+00 6.78390e-02 2.17711e-04
1.95998e+00 1.08473e-01 5.56624e-04
1.95998e+00 1.58358e-01 1.18633e-03
1.95998e+00 2.17304e-01 2.23391e-03
1.95998e+00 2.85080e-01 3.84487e-03
1.95998e+00 3.61426e-01 6.18044e-03
1.95998e+00 4.46045e-01 9.41459e-03
1.95998e+00 5.38610e-01 1.37308e-02
1.95998e+00 6.38764e-01 1.93184e-02
1.95998e+00 7.46119e-01 2.63666e-02
1.95998e+00 8.60259e-01 3.50532e-02
1.95998e+00 9.80743e-01 4.55200e-02
1.95998e+00 1.10710e+00 5.78216e-02
1.95998e+00 1.23885e+00 7.18263e-02
1.95998e+00 1.37548e+00 8.70492e-02
1.95998e+00 1.51646e+00 1.02416e-01
1.95998e+00 1.66125e+00 1.16034e-01
1.95998e+00 1.80928e+00 1.25184e-01
1.95998e+00 1.95998e+00 1.26843e-01
1.95998e+00 2.11277e+00 1.18795e-01
1.95998e+00 2.26706e+00 1.00876e-01
1.95998e+00 2.42225e+00 7.58497e-02
1.95998e+00 2.57775e+00 4.94469e-02
1.95998e+00 2.73294e+00 2.84763e-02
1.95998e+00 2.88723e+00 1.67465e-02
1.95998e+00 3.04002e+00 1.24313e-02
1.95998e+00 3.19072e+00 1.08264e-02
1.95998e+00 3.33875e+00 9.04436e-03
1.95998e+00 3.48354e+00 6.79553e-03
1.95998e+00 3.62452e+00 4.61658e-03
1.95998e+00 3.76115e+00 2.87488e-03
1.95998e+00 3.89290e+00 1.66094e-03
1.95998e+00 4.01926e+00 9.00382e-04
1.95998e+00 4.13974e+00 4.63258e-04
1.95998e+00 4.25388e+00 2.28989e-04
1.95998e+00 4.36124e+00 1.10160e-04
1.95998e+00 4.46139e+00 5.22892e-05
1.95998e+00 4.55396e+00 2.48438e-05
1.95998e+00 4.63857e+00 1.19907e-05
1.95998e+00 4.71492e+00 5.96671e-06
1.95998e+00 4.78270e+00 3.10607e-06
1.95998e+00 4.84164e+00 1.71522e-06
1.95998e+00 4.89153e+00 1.01782e-06
1.95998e+00 4.93216e+00 6.56543e-07
1.95998e+00 4.96339e+00 4.64905e-07
1.95998e+00 4.98508e+00 3.64216e-07
1.95998e+00 4.99717e+00 3.17423e-07
2.11277e+00 2.83399e-03 2.59813e-07
2.11277e+00 1.49201e-02 7.20135e-06
2.11277e+00 3.66148e-02 4.33735e-05
2.11277e+00 6.78390e-02 1.48931e-04
2.11277e+00 1.08473e-01 3.80995e-04
2.11277e+00 1.58358e-01 8.12890e-04
2.11277e+00 2.17304e-01 1.53345e-03
2.11277e+00 2.85080e-01 2.64661e-03
2.11277e+00 3.61426e-01 4.27147e-03
2.11277e+00 4.46045e-01 6.54326e-03
2.11277e+00 5.38610e-01 9.61516e-03
2.11277e+00 6.38764e-01 1.36610e-02
2.11277e+00 7.46119e-01 1.88778e-02
2.11277e+00 8.60259e-01 2.54852e-02
2.11277e+00 9.80743e-01 3.37153e-02
2.11277e+00 1.10710e+00 4.37802e-02
2.11277e+00 1.23885e+00 5.57979e-02
2.11277e+00 1.37548e+00 6.96487e-02
2.11277e+00 1.51646e+00 8.47418e-02
2.11277e+00 1.66125e+00 9.97113e-02
2.11277e+00 1.80928e+00 1.12164e-01
2.11277e+00 1.95998e+00 1.18795e-01
2.11277e+00 2.11277e+00 1.16272e-01
2.11277e+00 2.26706e+00 1.02962e-01
2.11277e+00 2.42225e+00 8.06768e-02
2.11277e+00 2.57775e+00 5.50957e-02
2.11277e+00 2.73294e+00 3.36011e-02
2.11277e+00 2.88723e+00 2.07480e-02
2.11277e+00 3.04002e+00 1.52715e-02
2.11277e+00 3.19072e+00 1.27154e-02
2.11277e+00 3.33875e+00 1.02322e-02
2.11277e+00 3.48354e+00 7.50146e-03
2.11277e+00 3.62452e+00 5.01328e-03
2.11277e+00 3.76115e+00 3.08621e-03
2.11277e+00 3.89290e+00 1.76814e-03
2.11277e+00 4.01926e+00 9.52463e-04
2.11277e+00 4.13974e+00 4.87682e-04
2.11277e+00 4.25388e+00 2.40147e-04
2.11277e+00 4.36124e+00 1.15179e-04
2.11277e+00 4.46139e+00 5.45395e-05
2.11277e+00 4.55396e+00 2.58622e-05
2.11277e+00 4.63857e+00 1.24624e-05
2.11277e+00 4.71492e+00 6.19339e-06
2.11277e+00 4.78270e+00 3.22068e-06
2.11277e+00 4.84164e+00 1.77701e-06
2.11277e+00 4.89153e+00 1.05377e-06
2.11277e+00 4.93216e+00 6.79382e-07
2.11277e+00 4.96339e+00 4.80893e-07
2.11277e+00 4.98508e+00 3.76644e-07
2.11277e+00 4.99717e+00 3.28209e-07
2.26706e+00 2.83399e-03 1.58144e-07
2.26706e+00 1.49201e-02 4.38347e-06
2.26706e+00 3.66148e-02 2.64050e-05
2.26706e+00 6.78390e-02 9.07021e-05
2.26706e+00 1.08473e-01 2.32233e-04
2.26706e+00 1.58358e-01 4.96284e-04
2.26706e+00 2.17304e-01 9.38682e-04
2.26706e+00 2.85080e-01 1.62667e-03
2.26706e+00 3.61426e-01 2.64075e-03
2.26706e+00 4.46045e-01 4.07786e-03
2.26706e+00 5.38610e-01 6.05604e-03
2.26706e+00 6.38764e-01 8.72074e-03
2.26706e+00 7.46119e-01 1.22518e-02
2.26706e+00 8.60259e-01 1.68690e-02
2.26706e+00 9.80743e-01 2.28306e-02
2.26706e+00 1.10710e+00 3.04149e-02
2.26706e+00 1.23885e+00 3.98673e-02
2.26706e+00 1.37548e+00 5.12889e-02
2.26706e+00 1.51646e+00 6.44413e-02
2.26706e+00 1.66125e+00 7.84632e-02
2.26706e+00 1.80928e+00 9.15599e-02
2.26706e+00 1.95998e+00 1.00876e-01
2.26706e+00 2.11277e+00 1.02962e-01
2.26706e+00 2.26706e+00 9.52286e-02
2.26706e+00 2.42225e+00 7.80838e-02
2.26706e+00 2.57775e+00 5.61232e-02
2.26706e+00 2.73294e+00 3.63638e-02
2.26706e+00 2.88723e+00 2.36778e-02
2.26706e+00 3.04002e+00 1.75314e-02
2.26706e+00 3.19072e+00 1.41616e-02
2.26706e+00 3.33875e+00 1.10556e-02
2.26706e+00 3.48354e+00 7.93246e-03
2.26706e+00 3.62452e+00 5.22234e-03
2.26706e+00 3.76115e+00 3.18027e-03
2.26706e+00 3.89290e+00 1.80737e-03
2.26706e+00 4.01926e+00 9.67611e-04
2.26706e+00 4.13974e+00 4.93064e-04
2.26706e+00 4.25388e+00 2.41876e-04
2.26706e+00 4.36124e+00 1.15656e-04
2.26706e+00 4.46139e+00 5.46310e-05
2.26706e+00 4.55396e+00 2.58539e-05
2.26706e+00 4.63857e+00 1.24381e-05
2.26706e+00 4.71492e+00 6.17308e-06
2.26706e+00 4.78270e+00 3.20664e-06
2.26706e+00 4.84164e+00 1.76771e-06
2.26706e+00 4.89153e+00 1.04753e-06
2.26706e+00 4.93216e+00 6.74996e-07
2.26706e+00 4.96339e+00 4.77599e-07
2.26706e+00 4.98508e+00 3.73964e-07
2.26706e+00 4.99717e+00 3.25825e-07
2.42225e+00 2.83399e-03 7.26887e-08
2.42225e+00 1.49201e-02 2.01492e-06
2.42225e+00 3.66148e-02 1.21413e-05
2.42225e+00 6.78390e-02 4.17449e-05
2.42225e+00 1.08473e-01 1.07102e-04
2.42225e+00 1.58358e-01 2.29745e-04
2.42225e+00 2.17304e-01 4.37259e-04
2.42225e+00 2.85080e-01 7.64920e-04
2.42225e+00 3.61426e-01 1.25848e-03
2.42225e+00 4.46045e-01 1.97847e-03
2.42225e+00 5.38610e-01 3.00617e-03
2.42225e+00 6.38764e-01 4.45138e-03
2.42225e+00 7.46119e-01 6.46129e-03
2.42225e+00 8.60259e-01 9.22870e-03
2.42225e+00 9.80743e-01 1.29954e-02
2.42225e+00 1.10710e+00 1.80429e-02
2.42225e+00 1.23885e+00 2.46568e-02
2.42225e+00 1.37548e+00 3.30466e-02
2.42225e+00 1.51646e+00 4.31987e-02
2.42225e+00 1.66125e+00 5.46535e-02
2.42225e+00 1.80928e+00 6.62332e-02
2.42225e+00 1.95998e+00 7.58497e-02
2.42225e+00 2.11277e+00 8.06768e-02
2.42225e+00 2.26706e+00 7.80838e-02
2.42225e+00 2.42225e+00 6.74081e-02
2.42225e+00 2.57775e+00 5.14910e-02
2.42225e+00 2.73294e+00 3.58438e-02
2.42225e+00 2.88723e+00 2.48875e-02
2.42225e+00 3.04002e+00 1.87947e-02
2.42225e+00 3.19072e+00 1.49045e-02
2.42225e+00 3.33875e+00 1.13564e-02
2.42225e+00 3.48354e+00 7.99693e-03
2.42225e+00 3.62452e+00 5.19366e-03
2.42225e+00 3.76115e+00 3.13104e-03
2.42225e+00 3.89290e+00 1.76579e-03
2.42225e+00 4.01926e+00 9.39739e-04
2.42225e+00 4.13974e+00 4.76618e-04
2.42225e+00 4.25388e+00 2.32934e-04
2.42225e+00 4.36124e+00 1.11044e-04
2.42225e+00 4.46139e+00 5.23232e-05
2.42225e+00 4.55396e+00 2.47120e-05
2.42225e+00 4.63857e+00 1.18691e-05
2.42225e+00 4.71492e+00 5.88275e-06
2.42225e+00 4.78270e+00 3.05246e-06
2.42225e+00 4.84164e+00 1.68122e-06
2.42225e+00 4.89153e+00 9.95564e-07
2.42225e+00 4.93216e+00 6.41157e-07
2.42225e+00 4.96339e+00 4.53471e-07
2.42225e+00 4.98508e+00 3.54974e-07
2.42225e+00 4.99717e+00 3.09233e-07
2.57775e+00 2.83399e-03 8.58144e-09
2.57775e+00 1.49201e-02 2.38054e-07
2.57775e+00 3.66148e-02 1.44001e-06
2.57775e+00 6.78390e-02 5.00690e-06
2.57775e+00 1.08473e-01 1.31588e-05
2.57775e+00 1.58358e-01 2.94636e-05
2.57775e+00 2.17304e-01 5.99339e-05
2.57775e+00 2.85080e-01 1.14981e-04
2.57775e+00 3.61426e-01 2.12520e-04
2.57775e+00 4.46045e-01 3.82495e-04
2.57775e+00 5.38610e-01 6.73020e-04
2.57775e+00 6.38764e-01 1.15812e-03
2.57775e+00 7.46119e-01 1.94659e-03
2.57775e+00 8.60259e-01 3.19056e-03
2.57775e+00 9.80743e-01 5.09072e-03
2.57775e+00 1.10710e+00 7.89243e-03
2.57775e+00 1.23885e+00 1.18634e-02
2.57775e+00 1.37548e+00 1.72400e-02
2.57775e+00 1.51646e+00 2.41268e-02
2.57775e+00 1.66125e+00 3.23416e-02
2.57775e+00 1.80928e+00 4.12195e-02
2.57775e+00 1.95998e+00 4.94469e-02
2.57775e+00 2.11277e+00 5.50957e-02
2.57775e+00 2.26706e+00 5.61232e-02
2.57775e+00 2.42225e+00 5.14910e-02
2.57775e+00 2.57775e+00 4.24063e-02
2.57775e+00 2.73294e+00 3.22316e-02
2.57775e+00 2.88723e+00 2.41654e-02
2.57775e+00 3.04002e+00 1.88112e-02
2.57775e+00 3.19072e+00 1.47739e-02
2.57775e+00 3.33875e+00 1.10411e-02
2.57775e+00 3.48354e+00 7.64981e-03
2.57775e+00 3.62452e+00 4.90785e-03
2.57775e+00 3.76115e+00 2.93135e-03
2.57775e+00 3.89290e+00 1.64129e-03
2.57775e+00 4.01926e+00 8.68533e-04
2.57775e+00 4.13974e+00 4.38510e-04
2.57775e+00 4.25388e+00 2.13527e-04
2.57775e+00 4.36124e+00 1.01490e-04
2.57775e+00 4.46139e+00 4.77050e-05
2.57775e+00 4.55396e+00 2.24857e-05
2.57775e+00 4.63857e+00 1.07821e-05
2.57775e+00 4.71492e+00 5.33672e-06
2.57775e+00 4.78270e+00 2.76606e-06
2.57775e+00 4.84164e+00 1.52210e-06
2.57775e+00 4.89153e+00 9.00693e-07
2.57775e+00 4.93216e+00 5.79735e-07
2.57775e+00 4.96339e+00 4.09860e-07
2.57775e+00 4.98508e+00 3.20746e-07
2.57775e+00 4.99717e+00 2.79373e-07
2.73294e+00 2.83399e-03 -2.59347e-08
2.73294e+00 1.49201e-02 -7.18658e-07
2.73294e+00 3.66148e-02 -4.32263e-06
2.73294e+00 6.78390e-02 -1.47843e-05
2.73294e+00 1.08473e-01 -3.74939e-05
2.73294e+00 1.58358e-01 -7.87004e-05
2.73294e+00 2.17304e-01 -1.44396e-04
2.73294e+00 2.85080e-01 -2.38444e-04
2.73294e+00 3.61426e-01 -3.59705e-04
2.73294e+00 4.46045e-01 -4.97976e-04
2.73294e+00 5.38610e-01 -6.28605e-04
2.73294e+00 6.38764e-01 -7.05831e-04
2.73294e+00 7.46119e-01 -6.55278e-04
2.73294e+00 8.60259e-01 -3.66644e-04
2.73294e+00 9.80743e-01 3.11195e-04
2.73294e+00 1.10710e+00 1.56884e-03
2.73294e+00 1.23885e+00 3.62273e-03
2.73294e+00 1.37548e+00 6.68120e-03
2.73294e+00 1.51646e+00 1.08816e-02
2.73294e+00 1.66125e+00 1.61937e-02
2.73294e+00 1.80928e+00 2.22981e-02
2.73294e+00 1.95998e+00 2.84763e-02
2.73294e+00 2.11277e+00 3.36011e-02
2.73294e+00 2.26706e+00 3.63638e-02
2.73294e+00 2.42225e+00 3.58438e-02
2.73294e+00 2.57775e+00 3.22316e-02
2.73294e+00 2.73294e+00 2.70029e-02
2.73294e+00 2.88723e+00 2.19052e-02
2.73294e+00 3.04002e+00 1.76042e-02
2.73294e+00 3.19072e+00 1.37535e-02
2.73294e+00 3.33875e+00 1.01186e-02
2.73294e+00 3.48354e+00 6.91313e-03
2.73294e+00 3.62452e+00 4.38711e-03
2.73294e+00 3.76115e+00 2.59816e-03
2.73294e+00 3.89290e+00 1.44501e-03
2.73294e+00 4.01926e+00 7.60570e-04
2.73294e+00 4.13974e+00 3.82341e-04
2.73294e+00 4.25388e+00 1.85520e-04
2.73294e+00 4.36124e+00 8.79229e-05
2.73294e+00 4.46139e+00 4.12295e-05
2.73294e+00 4.55396e+00 1.93952e-05
2.73294e+00 4.63857e+00 9.28500e-06
2.73294e+00 4.71492e+00 4.58954e-06
2.73294e+00 4.78270e+00 2.37616e-06
2.73294e+00 4.84164e+00 1.30637e-06
2.73294e+00 4.89153e+00 7.72480e-07
2.73294e+00 4.93216e+00 4.96932e-07
2.73294e+00 4.96339e+00 3.51174e-07
2.73294e+00 4.98508e+00 2.74743e-07
2.73294e+00 4.99717e+00 2.39267e-07
2.88723e+00 2.83399e-03 -3.00702e-08
2.88723e+00 1.49201e-02 -8.33324e-07
2.88723e+00 3.66148e-02 -5.01448e-06
2.88723e+00 6.78390e-02 -1.71721e-05
2.88723e+00 1.08473e-01 -4.36708e-05
2.88723e+00 1.58358e-01 -9.21511e-05
2.88723e+00 2.17304e-01 -1.70624e-04
2.88723e+00 2.85080e-01 -2.85979e-04
2.88723e+00 3.61426e-01 -4.41743e-04
2.88723e+00 4.46045e-01 -6.34948e-04
2.88723e+00 5.38610e-01 -8.52055e-04
2.88723e+00 6.38764e-01 -1.06402e-03
2.88723e+00 7.46119e-01 -1.22084e-03
2.88723e+00 8.60259e-01 -1.24639e-03
2.88723e+00 9.80743e-01 -1.03509e-03
2.88723e+00 1.10710e+00 -4.52817e-04
2.88723e+00 1.23885e+00 6.54142e-04
2.88723e+00 1.37548e+00 2.43777e-03
2.88723e+00 1.51646e+00 5.01028e-03
2.88723e+00 1.66125e+00 8.38813e-03
2.88723e+00 1.80928e+00 1.24240e-02
2.88723e+00 1.95998e+00 1.67465e-02
2.88723e+00 2.11277e+00 2.07480e-02
2.88723e+00 2.26706e+00 2.36778e-02
2.88723e+00 2.42225e+00 2.48875e-02
2.88723e+00 2.57775e+00 2.41654e-02
2.88723e+00 2.73294e+00 2.19052e-02
2.88723e+00 2.88723e+00 1.88239e-02
2.88723e+00 3.04002e+00 1.54453e-02
2.88723e+00 3.19072e+00 1.19973e-02
2.88723e+00 3.33875e+00 8.70964e-03
2.88723e+00 3.48354e+00 5.87889e-03
2.88723e+00 3.62452e+00 3.69486e-03
2.88723e+00 3.76115e+00 2.17142e-03
2.88723e+00 3.89290e+00 1.20022e-03
2.88723e+00 4.01926e+00 6.28568e-04
2.88723e+00 4.13974e+00 3.14690e-04
2.88723e+00 4.25388e+00 1.52180e-04
2.88723e+00 4.36124e+00 7.19216e-05
2.88723e+00 4.46139e+00 3.36482e-05
2.88723e+00 4.55396e+00 1.57984e-05
2.88723e+00 4.63857e+00 7.55104e-06
2.88723e+00 4.71492e+00 3.72751e-06
2.88723e+00 4.78270e+00 1.92775e-06
2.88723e+00 4.84164e+00 1.05890e-06
2.88723e+00 4.89153e+00 6.25700e-07
2.88723e+00 4.93216e+00 4.02286e-07
2.88723e+00 4.96339e+00 2.84172e-07
2.88723e+00 4.98508e+00 2.22261e-07
2.88723e+00 4.99717e+00 1.93532e-07
3.04002e+00 2.83399e-03 -1.62168e-08
3.04002e+00 1.49201e-02 -4.49391e-07
3.04002e+00 3.66148e-02 -2.70357e-06
3.04002e+00 6.78390e-02 -9.25218e-06
3.04002e+00 1.08473e-01 -2.34946e-05
3.04002e+00 1.58358e-01 -4.94381e-05
3.04002e+00 2.17304e-01 -9.11010e-05
3.04002e+00 2.85080e-01 -1.51522e-04
3.04002e+00 3.61426e-01 -2.31269e-04
3.04002e+00 4.46045e-01 -3.26376e-04
3.04002e+00 5.38610e-01 -4.25678e-04
3.04002e+00 6.38764e-01 -5.07673e-04
3.04002e+00 7.46119e-01 -5.37163e-04
3.04002e+00 8.60259e-01 -4.62301e-04
3.04002e+00 9.80743e-01 -2.13063e-04
3.04002e+00 1.10710e+00 2.97259e-04
3.04002e+00 1.23885e+00 1.16537e-03
3.04002e+00 1.37548e+00 2.48373e-03
3.04002e+00 1.51646e+00 4.31692e-03
3.04002e+00 1.66125e+00 6.66907e-03
3.04002e+00 1.80928e+00 9.44713e-03
3.04002e+00 1.95998e+00 1.24313e-02
3.04002e+00 2.11277e+00 1.52715e-02
3.04002e+00 2.26706e+00 1.75314e-02
3.04002e+00 2.42225e+00 1.87947e-02
3.04002e+00 2.57775e+00 1.88112e-02
3.04002e+00 2.73294e+00 1.76042e-02
3.04002e+00 2.88723e+00 1.54453e-02
3.04002e+00 3.04002e+00 1.27128e-02
3.04002e+00 3.19072e+00 9.78652e-03
3.04002e+00 3.33875e+00 7.02066e-03
3.04002e+00 3.48354e+00 4.68944e-03
3.04002e+00 3.62452e+00 2.92226e-03
3.04002e+00 3.76115e+00 1.70552e-03
3.04002e+00 3.89290e+00 9.37388e-04
3.04002e+00 4.01926e+00 4.88643e-04
3.04002e+00 4.13974e+00 2.43699e-04
3.04002e+00 4.25388e+00 1.17474e-04
3.04002e+00 4.36124e+00 5.53720e-05
3.04002e+00 4.46139e+00 2.58481e-05
3.04002e+00 4.55396e+00 1.21136e-05
3.04002e+00 4.63857e+00 5.78089e-06
3.04002e+00 4.71492e+00 2.85002e-06
3.04002e+00 4.78270e+00 1.47237e-06
3.04002e+00 4.84164e+00 8.08058e-07
3.04002e+00 4.89153e+00 4.77144e-07
3.04002e+00 4.93216e+00 3.06606e-07
3.04002e+00 4.96339e+00 2.16496e-07
3.04002e+00 4.98508e+00 1.69283e-07
3.04002e+00 4.99717e+00 1.47380e-07
3.19072e+00 2.83399e-03 -9.45130e-10
3.19072e+00 1.49201e-02 -2.61388e-08
3.19072e+00 3.66148e-02 -1.55622e-07
3.19072e+00 6.78390e-02 -5.16219e-07
3.19072e+00 1.08473e-01 -1.21878e-06
3.19072e+00 1.58358e-01 -2.19765e-06
3.19072e+00 2.17304e-01 -2.88665e-06
3.19072e+00 2.85080e-01 -1.66129e-06
3.19072e+00 3.61426e-01 5.01461e-06
3.19072e+00 4.46045e-01 2.37744e-05
3.19072e+00 5.38610e-01 6.58540e-05
3.19072e+00 6.38764e-01 1.48821e-04
3.19072e+00 7.46119e-01 2.98301e-04
3.19072e+00 8.60259e-01 5.49275e-04
3.19072e+00 9.80743e-01 9.46250e-04
3.19072e+00 1.10710e+00 1.54130e-03
3.19072e+00 1.23885e+00 2.38873e-03
3.19072e+00 1.37548e+00 3.53507e-03
3.19072e+00 1.51646e+00 5.00383e-03
3.19072e+00 1.66125e+00 6.77592e-03
3.19072e+00 1.80928e+00 8.76948e-03
3.19072e+00 1.95998e+00 1.08264e-02
3.19072e+00 2.11277e+00 1.27154e-02
3.19072e+00 2.26706e+00 1.41616e-02
3.19072e+00 2.42225e+00 1.49045e-02
3.19072e+00 2.57775e+00 1.47739e-02
3.19072e+00 2.73294e+00 1.37535e-02
3.19072e+00 2.88723e+00 1.19973e-02
3.19072e+00 3.04002e+00 9.78652e-03
3.19072e+00 3.19072e+00 7.45107e-03
3.19072e+00 3.33875e+00 5.28871e-03
3.19072e+00 3.48354e+00 3.50073e-03
3.19072e+00 3.62452e+00 2.16524e-03
3.19072e+00 3.76115e+00 1.25591e-03
3.19072e+00 3.89290e+00 6.86738e-04
3.19072e+00 4.01926e+00 3.56457e-04
3.19072e+00 4.13974e+00 1.77141e-04
3.19072e+00 4.25388e+00 8.51351e-05
3.19072e+00 4.36124e+00 4.00281e-05
3.19072e+00 4.46139e+00 1.86460e-05
3.19072e+00 4.55396e+00 8.72292e-06
3.19072e+00 4.63857e+00 4.15658e-06
3.19072e+00 4.71492e+00 2.04667e-06
3.19072e+00 4.78270e+00 1.05626e-06
3.19072e+00 4.84164e+00 5.79199e-07
3.19072e+00 4.89153e+00 3.41773e-07
3.19072e+00 4.93216e+00 2.19502e-07
3.19072e+00 4.96339e+00 1.54930e-07
3.19072e+00 4.98508e+00 1.21111e-07
3.19072e+00 4.99717e+00 1.05425e-07
3.33875e+00 2.83399e-03 7.47253e-09
3.33875e+00 1.49201e-02 2.07150e-07
3.33875e+00 3.66148e-02 1.24859e-06
3.33875e+00 6.78390e-02 4.29669e-06
3.33875e+00 1.08473e-01 1.10445e-05
3.33875e+00 1.58358e-01 2.37731e-05
3.33875e+00 2.17304e-01 4.54963e-05
3.33875e+00 2.85080e-01 8.02312e-05
3.33875e+00 3.61426e-01 1.33427e-04
3.33875e+00 4.46045e-01 2.12564e-04
3.33875e+00 5.38610e-01 3.27903e-04
3.33875e+00 6.38764e-01 4.93303e-04
3.33875e+00 7.46119e-01 7.26941e-04
3.33875e+00 8.60259e-01 1.05164e-03
3.33875e+00 9.80743e-01 1.49437e-03
3.33875e+00 1.10710e+00 2.08428e-03
3.33875e+00 1.23885e+00 2.84859e-03
3.33875e+00 1.37548e+00 3.80572e-03
3.33875e+00 1.51646e+00 4.95547e-03
3.33875e+00 1.66125e+00 6.26737e-03
3.33875e+00 1.80928e+00 7.66976e-03
3.33875e+00 1.95998e+00 9.04436e-03
3.33875e+00 2.11277e+00 1.02322e-02
3.33875e+00 2.26706e+00 1.10556e-02
3.33875e+00 2.42225e+00 1.13564e-02
3.33875e+00 2.57775e+00 1.10411e-02
3.33875e+00 2.73294e+00 1.01186e-02
3.33875e+00 2.88723e+00 8.70964e-03
3.33875e+00 3.04002e+00 7.02066e-03
3.33875e+00 3.19072e+00 5.28871e-03
3.33875e+00 3.33875e+00 3.71946e-03
3.33875e+00 3.48354e+00 2.44291e-03
3.33875e+00 3.62452e+00 1.50112e-03
3.33875e+00 3.76115e+00 8.65925e-04
3.33875e+00 3.89290e+00 4.71308e-04
3.33875e+00 4.01926e+00 2.43684e-04
3.33875e+00 4.13974e+00 1.20701e-04
3.33875e+00 4.25388e+00 5.78483e-05
3.33875e+00 4.36124e+00 2.71347e-05
3.33875e+00 4.46139e+00 1.26148e-05
3.33875e+00 4.55396e+00 5.89151e-06
3.33875e+00 4.63857e+00 2.80339e-06
3.33875e+00 4.71492e+00 1.37873e-06
3.33875e+00 4.78270e+00 7.10838e-07
3.33875e+00 4.84164e+00 3.89472e-07
3.33875e+00 4.89153e+00 2.29668e-07
3.33875e+00 4.93216e+00 1.47427e-07
3.33875e+00 4.96339e+00 1.04018e-07
3.33875e+00 4.98508e+00 8.12910e-08
3.33875e+00 4.99717e+00 7.07524e-08
3.48354e+00 2.83399e-03 9.49716e-09
3.48354e+00 1.49201e-02 2.63251e-07
3.48354e+00 3.66148e-02 1.58599e-06
3.48354e+00 6.78390e-02 5.45014e-06
3.48354e+00 1.08473e-01 1.39669e-05
3.48354e+00 1.58358e-01 2.98961e-05
3.48354e+00 2.17304e-01 5.66957e-05
3.48354e+00 2.85080e-01 9.86329e-05
3.48354e+00 3.61426e-01 1.60972e-04
3.48354e+00 4.46045e-01 2.50242e-04
3.48354e+00 5.38610e-01 3.74559e-04
3.48354e+00 6.38764e-01 5.43946e-04
3.48354e+00 7.46119e-01 7.70541e-04
3.48354e+00 8.60259e-01 1.06849e-03
3.48354e+00 9.80743e-01 1.45327e-03
3.48354e+00 1.10710e+00 1.94006e-03
3.48354e+00 1.23885e+00 2.54086e-03
3.48354e+00 1.37548e+00 3.25993e-03
3.48354e+00 1.51646e+00 4.08785e-03
3.48354e+00 1.66125e+00 4.99482e-03
3.48354e+00 1.80928e+00 5.92510e-03
3.48354e+00 1.95998e+00 6.79553e-03
3.48354e+00 2.11277e+00 7.50146e-03
3.48354e+00 2.26706e+00 7.93246e-03
3.48354e+00 2.42225e+00 7.99693e-03
3.48354e+00 2.57775e+00 7.64981e-03
3.48354e+00 2.73294e+00 6.91313e-03
3.48354e+00 2.88723e+00 5.87889e-03
3.48354e+00 3.04002e+00 4.68944e-03
3.48354e+00 3.19072e+00 3.50073e-03
3.48354e+00 3.33875e+00 2.44291e-03
3.48354e+00 3.48354e+00 1.59383e-03
3.48354e+00 3.62452e+00 9.73816e-04
3.48354e+00 3.76115e+00 5.59027e-04
3.48354e+00 3.89290e+00 3.03011e-04
3.48354e+00 4.01926e+00 1.56116e-04
3.48354e+00 4.13974e+00 7.70939e-05
3.48354e+00 4.25388e+00 3.68541e-05
3.48354e+00 4.36124e+00 1.72492e-05
3.48354e+00 4.46139e+00 8.00418e-06
3.48354e+00 4.55396e+00 3.73228e-06
3.48354e+00 4.63857e+00 1.77358e-06
3.48354e+00 4.71492e+00 8.71275e-07
3.48354e+00 4.78270e+00 4.48784e-07
3.48354e+00 4.84164e+00 2.45700e-07
3.48354e+00 4.89153e+00 1.44796e-07
3.48354e+00 4.93216e+00 9.29010e-08
3.48354e+00 4.96339e+00 6.55228e-08
3.48354e+00 4.98508e+00 5.11937e-08
3.48354e+00 4.99717e+00 4.45508e-08
3.62452e+00 2.83399e-03 8.16409e-09
3.62452e+00 1.49201e-02 2.26294e-07
3.62452e+00 3.66148e-02 1.36313e-06
3.62452e+00 6.78390e-02 4.68235e-06
3.62452e+00 1.08473e-01 1.19882e-05
3.62452e+00 1.58358e-01 2.56170e-05
3.62452e+00 2.17304e-01 4.84442e-05
3.62452e+00 2.85080e-01 8.39199e-05
3.62452e+00 3.61426e-01 1.36138e-04
3.62452e+00 4.46045e-01 2.09934e-04
3.62452e+00 5.38610e-01 3.11003e-04
3.62452e+00 6.38764e-01 4.45987e-04
3.62452e+00 7.46119e-01 6.22462e-04
3.62452e+00 8.60259e-01 8.48719e-04
3.62452e+00 9.80743e-01 1.13316e-03
3.62452e+00 1.10710e+00 1.48315e-03
3.62452e+00 1.23885e+00 1.90309e-03
3.62452e+00 1.37548e+00 2.39165e-03
3.62452e+00 1.51646e+00 2.93832e-03
3.62452e+00 1.66125e+00 3.51975e-03
3.62452e+00 1.80928e+00 4.09719e-03
3.62452e+00 1.95998e+00 4.61658e-03
3.62452e+00 2.11277e+00 5.01328e-03
3.62452e+00 2.26706e+00 5.22234e-03
3.62452e+00 2.42225e+00 5.19366e-03
3.62452e+00 2.57775e+00 4.90785e-03
3.62452e+00 2.73294e+00 4.38711e-03
3.62452e+00 2.88723e+00 3.69486e-03
3.62452e+00 3.04002e+00 2.92226e-03
3.62452e+00 3.19072e+00 2.16524e-03
3.62452e+00 3.33875e+00 1.50112e-03
3.62452e+00 3.48354e+00 9.73816e-04
3.62452e+00 3.62452e+00 5.92064e-04
3.62452e+00 3.76115e+00 3.38430e-04
3.62452e+00 3.89290e+00 1.82764e-04
3.62452e+00 4.01926e+00 9.38639e-05
3.62452e+00 4.13974e+00 4.62256e-05
3.62452e+00 4.25388e+00 2.20458e-05
3.62452e+00 4.36124e+00 1.02975e-05
3.62452e+00 4.46139e+00 4.77011e-06
3.62452e+00 4.55396e+00 2.22098e-06
3.62452e+00 4.63857e+00 1.05408e-06
3.62452e+00 4.71492e+00 5.17271e-07
3.62452e+00 4.78270e+00 2.66204e-07
3.62452e+00 4.84164e+00 1.45634e-07
3.62452e+00 4.89153e+00 8.57740e-08
3.62452e+00 4.93216e+00 5.50066e-08
3.62452e+00 4.96339e+00 3.87824e-08
3.62452e+00 4.98508e+00 3.02940e-08
3.62452e+00 4.99717e+00 2.63596e-08
3.76115e+00 2.83399e-03 5.81712e-09
3.76115e+00 1.49201e-02 1.61238e-07
3.76115e+00 3.66148e-02 9.71188e-07
3.76115e+00 6.78390e-02 3.33535e-06
3.76115e+00 1.08473e-01 8.53577e-06
3.76115e+00 1.58358e-01 1.82248e-05
3.76115e+00 2.17304e-01 3.44186e-05
3.76115e+00 2.85080e-01 5.95019e-05
3.76115e+00 3.61426e-01 9.62453e-05
3.76115e+00 4.46045e-01 1.47833e-04
3.76115e+00 5.38610e-01 2.17890e-04
3.76115e+00 6.38764e-01 3.10481e-04
3.76115e+00 7.46119e-01 4.30040e-04
3.76115e+00 8.60259e-01 5.81166e-04
3.76115e+00 9.80743e-01 7.68190e-04
3.76115e+00 1.10710e+00 9.94429e-04
3.76115e+00 1.23885e+00 1.26102e-03
3.76115e+00 1.37548e+00 1.56532e-03
3.76115e+00 1.51646e+00 1.89900e-03
3.76115e+00 1.66125e+00 2.24620e-03
3.76115e+00 1.80928e+00 2.58237e-03
3.76115e+00 1.95998e+00 2.87488e-03
3.76115e+00 2.11277e+00 3.08621e-03
3.76115e+00 2.26706e+00 3.18027e-03
3.76115e+00 2.42225e+00 3.13104e-03
3.76115e+00 2.57775e+00 2.93135e-03
3.76115e+00 2.73294e+00 2.59816e-03
3.76115e+00 2.88723e+00 2.17142e-03
3.76115e+00 3.04002e+00 1.70552e-03
3.76115e+00 3.19072e+00 1.25591e-03
3.76115e+00 3.33875e+00 8.65925e-04
3.76115e+00 3.48354e+00 5.59027e-04
3.76115e+00 3.62452e+00 3.38430e-04
3.76115e+00 3.76115e+00 1.92727e-04
3.76115e+00 3.89290e+00 1.03740e-04
3.76115e+00 4.01926e+00 5.31270e-05
3.76115e+00 4.13974e+00 2.60991e-05
3.76115e+00 4.25388e+00 1.24205e-05
3.76115e+00 4.36124e+00 5.79083e-06
3.76115e+00 4.46139e+00 2.67820e-06
3.76115e+00 4.55396e+00 1.24527e-06
3.76115e+00 4.63857e+00 5.90319e-07
3.76115e+00 4.71492e+00 2.89401e-07
3.76115e+00 4.78270e+00 1.48810e-07
3.76115e+00 4.84164e+00 8.13544e-08
3.76115e+00 4.89153e+00 4.78885e-08
3.76115e+00 4.93216e+00 3.06972e-08
3.76115e+00 4.96339e+00 2.16359e-08
3.76115e+00 4.98508e+00 1.68966e-08
3.76115e+00 4.99717e+00 1.47003e-08
3.89290e+00 2.83399e-03 3.66518e-09
3.89290e+00 1.49201e-02 1.01590e-07
3.89290e+00 3.66148e-02 6.11885e-07
3.89290e+00 6.78390e-02 2.10115e-06
3.89290e+00 1.08473e-01 5.37588e-06
3.89290e+00 1.58358e-01 1.14727e-05
3.89290e+00 2.17304e-01 2.16502e-05
3.89290e+00 2.85080e-01 3.73841e-05
3.89290e+00 3.61426e-01 6.03674e-05
3.89290e+00 4.46045e-01 9.25115e-05
3.89290e+00 5.38610e-01 1.35944e-04
3.89290e+00 6.38764e-01 1.92983e-04
3.89290e+00 7.46119e-01 2.66074e-04
3.89290e+00 8.60259e-01 3.57640e-04
3.89290e+00 9.80743e-01 4.69810e-04
3.89290e+00 1.10710e+00 6.03973e-04
3.89290e+00 1.23885e+00 7.60119e-04
3.89290e+00 1.37548e+00 9.35964e-04
3.89290e+00 1.51646e+00 1.12596e-03
3.89290e+00 1.66125e+00 1.32036e-03
3.89290e+00 1.80928e+00 1.50484e-03
3.89290e+00 1.95998e+00 1.66094e-03
3.89290e+00 2.11277e+00 1.76814e-03
3.89290e+00 2.26706e+00 1.80737e-03
3.89290e+00 2.42225e+00 1.76579e-03
3.89290e+00 2.57775e+00 1.64129e-03
3.89290e+00 2.73294e+00 1.44501e-03
3.89290e+00 2.88723e+00 1.20022e-03
3.89290e+00 3.04002e+00 9.37388e-04
3.89290e+00 3.19072e+00 6.86738e-04
3.89290e+00 3.33875e+00 4.71308e-04
3.89290e+00 3.48354e+00 3.03011e-04
3.89290e+00 3.62452e+00 1.82764e-04
3.89290e+00 3.76115e+00 1.03740e-04
3.89290e+00 3.89290e+00 5.56794e-05
3.89290e+00 4.01926e+00 2.84422e-05
3.89290e+00 4.13974e+00 1.39415e-05
3.89290e+00 4.25388e+00 6.62186e-06
3.89290e+00 4.36124e+00 3.08212e-06
3.89290e+00 4.46139e+00 1.42337e-06
3.89290e+00 4.55396e+00 6.60986e-07
3.89290e+00 4.63857e+00 3.13000e-07
3.89290e+00 4.71492e+00 1.53306e-07
3.89290e+00 4.78270e+00 7.87688e-08
3.89290e+00 4.84164e+00 4.30351e-08
3.89290e+00 4.89153e+00 2.53189e-08
3.89290e+00 4.93216e+00 1.62230e-08
3.89290e+00 4.96339e+00 1.14307e-08
3.89290e+00 4.98508e+00 8.92496e-09
3.89290e+00 4.99717e+00 7.76397e-09
4.01926e+00 2.83399e-03 2.10941e-09
4.01926e+00 1.49201e-02 5.84673e-08
4.01926e+00 3.66148e-02 3.52145e-07
4.01926e+00 6.78390e-02 1.20915e-06
4.01926e+00 1.08473e-01 3.09314e-06
4.01926e+00 1.58358e-01 6.59913e-06
4.01926e+00 2.17304e-01 1.24471e-05
4.01926e+00 2.85080e-01 2.14765e-05
4.01926e+00 3.61426e-01 3.46423e-05
4.01926e+00 4.46045e-01 5.30097e-05
4.01926e+00 5.38610e-01 7.77451e-05
4.01926e+00 6.38764e-01 1.10094e-04
4.01926e+00 7.46119e-01 1.51336e-04
4.01926e+00 8.60259e-01 2.02688e-04
4.01926e+00 9.80743e-01 2.65156e-04
4.01926e+00 1.10710e+00 3.39280e-04
4.01926e+00 1.23885e+00 4.24786e-04
4.01926e+00 1.37548e+00 5.20130e-04
4.01926e+00 1.51646e+00 6.22003e-04
4.01926e+00 1.66125e+00 7.24900e-04
4.01926e+00 1.80928e+00 8.20968e-04
4.01926e+00 1.95998e+00 9.00382e-04
4.01926e+00 2.11277e+00 9.52463e-04
4.01926e+00 2.26706e+00 9.67611e-04
4.01926e+00 2.42225e+00 9.39739e-04
4.01926e+00 2.57775e+00 8.68533e-04
4.01926e+00 2.73294e+00 7.60570e-04
4.01926e+00 2.88723e+00 6.28568e-04
4.01926e+00 3.04002e+00 4.88643e-04
4.01926e+00 3.19072e+00 3.56457e-04
4.01926e+00 3.33875e+00 2.43684e-04
4.01926e+00 3.48354e+00 1.56116e-04
4.01926e+00 3.62452e+00 9.38639e-05
4.01926e+00 3.76115e+00 5.31270e-05
4.01926e+00 3.89290e+00 2.84422e-05
4.01926e+00 4.01926e+00 1.44963e-05
4.01926e+00 4.13974e+00 7.09152e-06
4.01926e+00 4.25388e+00 3.36243e-06
4.01926e+00 4.36124e+00 1.56265e-06
4.01926e+00 4.46139e+00 7.20696e-07
4.01926e+00 4.55396e+00 3.34292e-07
4.01926e+00 4.63857e+00 1.58142e-07
4.01926e+00 4.71492e+00 7.73914e-08
4.01926e+00 4.78270e+00 3.97354e-08
4.01926e+00 4.84164e+00 2.16964e-08
4.01926e+00 4.89153e+00 1.27584e-08
4.01926e+00 4.93216e+00 8.17180e-09
4.01926e+00 4.96339e+00 5.75619e-09
4.01926e+00 4.98508e+00 4.49346e-09
4.01926e+00 4.99717e+00 3.90852e-09
4.13974e+00 2.83399e-03 1.13335e-09
4.13974e+00 1.49201e-02 3.14133e-08
4.13974e+00 3.66148e-02 1.89197e-07
4.13974e+00 6.78390e-02 6.49606e-07
4.13974e+00 1.08473e-01 1.66159e-06
4.13974e+00 1.58358e-01 3.54422e-06
4.13974e+00 2.17304e-01 6.68272e-06
4.13974e+00 2.85080e-01 1.15246e-05
4.13974e+00 3.61426e-01 1.85756e-05
4.13974e+00 4.46045e-01 2.83952e-05
4.13974e+00 5.38610e-01 4.15890e-05
4.13974e+00 6.38764e-01 5.87935e-05
4.13974e+00 7.46119e-01 8.06477e-05
4.13974e+00 8.60259e-01 1.07743e-04
4.13974e+00 9.80743e-01 1.40536e-04
4.13974e+00 1.10710e+00 1.79222e-04
4.13974e+00 1.23885e+00 2.23555e-04
4.13974e+00 1.37548e+00 2.72621e-04
4.13974e+00 1.51646e+00 3.24597e-04
4.13974e+00 1.66125e+00 3.76562e-04
4.13974e+00 1.80928e+00 4.24447e-04
4.13974e+00 1.95998e+00 4.63258e-04
4.13974e+00 2.11277e+00 4.87682e-04
4.13974e+00 2.26706e+00 4.93064e-04
4.13974e+00 2.42225e+00 4.76618e-04
4.13974e+00 2.57775e+00 4.38510e-04
4.13974e+00 2.73294e+00 3.82341e-04
4.13974e+00 2.88723e+00 3.14690e-04
4.13974e+00 3.04002e+00 2.43699e-04
4.13974e+00 3.19072e+00 1.77141e-04
4.13974e+00 3.33875e+00 1.20701e-04
4.13974e+00 3.48354e+00 7.70939e-05
4.13974e+00 3.62452e+00 4.62256e-05
4.13974e+00 3.76115e+00 2.60991e-05
4.13974e+00 3.89290e+00 1.39415e-05
4.13974e+00 4.01926e+00 7.09152e-06
4.13974e+00 4.13974e+00 3.46304e-06
4.13974e+00 4.25388e+00 1.63944e-06
4.13974e+00 4.36124e+00 7.60862e-07
4.13974e+00 4.46139e+00 3.50490e-07
4.13974e+00 4.55396e+00 1.62403e-07
4.13974e+00 4.63857e+00 7.67580e-08
4.13974e+00 4.71492e+00 3.75346e-08
4.13974e+00 4.78270e+00 1.92589e-08
4.13974e+00 4.84164e+00 1.05100e-08
4.13974e+00 4.89153e+00 6.17758e-09
4.13974e+00 4.93216e+00 3.95535e-09
4.13974e+00 4.96339e+00 2.78539e-09
4.13974e+00 4.98508e+00 2.17397e-09
4.13974e+00 4.99717e+00 1.89078e-09
4.25388e+00 2.83399e-03 5.78657e-10
4.25388e+00 1.49201e-02 1.60388e-08
4.25388e+00 3.66148e-02 9.65979e-08
4.25388e+00 6.78390e-02 3.31655e-07
4.25388e+00 1.08473e-01 8.48253e-07
4.25388e+00 1.58358e-01 1.80908e-06
4.25388e+00 2.17304e-01 3.41024e-06
4.25388e+00 2.85080e-01 5.87886e-06
4.25388e+00 3.61426e-01 9.47059e-06
4.25388e+00 4.46045e-01 1.44664e-05
4.25388e+00 5.38610e-01 2.11675e-05
4.25388e+00 6.38764e-01 2.98870e-05
4.25388e+00 7.46119e-01 4.09337e-05
4.25388e+00 8.60259e-01 5.45855e-05
4.25388e+00 9.80743e-01 7.10462e-05
4.25388e+00 1.10710e+00 9.03802e-05
4.25388e+00 1.23885e+00 1.12425e-04
4.25388e+00 1.37548e+00 1.36682e-04
4.25388e+00 1.51646e+00 1.62206e-04
4.25388e+00 1.66125e+00 1.87518e-04
4.25388e+00 1.80928e+00 2.10593e-04
4.25388e+00 1.95998e+00 2.28989e-04
4.25388e+00 2.11277e+00 2.40147e-04
4.25388e+00 2.26706e+00 2.41876e-04
4.25388e+00 2.42225e+00 2.32934e-04
4.25388e+00 2.57775e+00 2.13527e-04
4.25388e+00 2.73294e+00 1.85520e-04
4.25388e+00 2.88723e+00 1.52180e-04
4.25388e+00 3.04002e+00 1.17474e-04
4.25388e+00 3.19072e+00 8.51351e-05
4.25388e+00 3.33875e+00 5.78483e-05
4.25388e+00 3.48354e+00 3.68541e-05
4.25388e+00 3.62452e+00 2.20458e-05
4.25388e+00 3.76115e+00 1.24205e-05
4.25388e+00 3.89290e+00 6.62186e-06
4.25388e+00 4.01926e+00 3.36243e-06
4.25388e+00 4.13974e+00 1.63944e-06
4.25388e+00 4.25388e+00 7.75049e-07
4.25388e+00 4.36124e+00 3.59259e-07
4.25388e+00 4.46139e+00 1.65313e-07
4.25388e+00 4.55396e+00 7.65275e-08
4.25388e+00 4.63857e+00 3.61402e-08
4.25388e+00 4.71492e+00 1.76601e-08
4.25388e+00 4.78270e+00 9.05593e-09
4.25388e+00 4.84164e+00 4.93954e-09
4.25388e+00 4.89153e+00 2.90218e-09
4.25388e+00 4.93216e+00 1.85759e-09
4.25388e+00 4.96339e+00 1.30781e-09
4.25388e+00 4.98508e+00 1.02056e-09
4.25388e+00 4.99717e+00 8.87536e-10
4.36124e+00 2.83399e-03 2.85374e-10
4.36124e+00 1.49201e-02 7.90979e-09
4.36124e+00 3.66148e-02 4.76384e-08
4.36124e+00 6.78390e-02 1.63555e-07
4.36124e+00 1.08473e-01 4.18290e-07
4.36124e+00 1.58358e-01 8.91996e-07
4.36124e+00 2.17304e-01 1.68116e-06
4.36124e+00 2.85080e-01 2.89733e-06
4.36124e+00 3.61426e-01 4.66559e-06
4.36124e+00 4.46045e-01 7.12278e-06
4.36124e+00 5.38610e-01 1.04146e-05
4.36124e+00 6.38764e-01 1.46911e-05
4.36124e+00 7.46119e-01 2.00980e-05
4.36124e+00 8.60259e-01 2.67639e-05
4.36124e+00 9.80743e-01 3.47780e-05
4.36124e+00 1.10710e+00 4.41594e-05
4.36124e+00 1.23885e+00 5.48144e-05
4.36124e+00 1.37548e+00 6.64857e-05
4.36124e+00 1.51646e+00 7.87010e-05
4.36124e+00 1.66125e+00 9.07350e-05
4.36124e+00 1.80928e+00 1.01610e-04
4.36124e+00 1.95998e+00 1.10160e-04
4.36124e+00 2.11277e+00 1.15179e-04
4.36124e+00 2.26706e+00 1.15656e-04
4.36124e+00 2.42225e+00 1.11044e-04
4.36124e+00 2.57775e+00 1.01490e-04
4.36124e+00 2.73294e+00 8.79229e-05
4.36124e+00 2.88723e+00 7.19216e-05
4.36124e+00 3.04002e+00 5.53720e-05
4.36124e+00 3.19072e+00 4.00281e-05
4.36124e+00 3.33875e+00 2.71347e-05
4.36124e+00 3.48354e+00 1.72492e-05
4.36124e+00 3.62452e+00 1.02975e-05
4.36124e+00 3.76115e+00 5.79083e-06
4.36124e+00 3.89290e+00 3.08212e-06
4.36124e+00 4.01926e+00 1.56265e-06
4.36124e+00 4.13974e+00 7.60862e-07
4.36124e+00 4.25388e+00 3.59259e-07
4.36124e+00 4.36124e+00 1.66346e-07
4.36124e+00 4.46139e+00 7.64706e-08
4.36124e+00 4.55396e+00 3.53701e-08
4.36124e+00 4.63857e+00 1.66913e-08
4.36124e+00 4.71492e+00 8.15111e-09
4.36124e+00 4.78270e+00 4.17755e-09
4.36124e+00 4.84164e+00 2.27760e-09
4.36124e+00 4.89153e+00 1.33768e-09
4.36124e+00 4.93216e+00 8.55952e-10
4.36124e+00 4.96339e+00 6.02488e-10
4.36124e+00 4.98508e+00 4.70085e-10
4.36124e+00 4.99717e+00 4.08778e-10
4.46139e+00 2.83399e-03 1.38110e-10
4.46139e+00 1.49201e-02 3.82802e-09
4.46139e+00 3.66148e-02 2.30549e-08
4.46139e+00 6.78390e-02 7.91519e-08
4.46139e+00 1.08473e-01 2.02421e-07
4.46139e+00 1.58358e-01 4.31623e-07
4.46139e+00 2.17304e-01 8.13376e-07
4.46139e+00 2.85080e-01 1.40148e-06
4.46139e+00 3.61426e-01 2.25612e-06
4.46139e+00 4.46045e-01 3.44288e-06
4.46139e+00 5.38610e-01 5.03123e-06
4.46139e+00 6.38764e-01 7.09210e-06
4.46139e+00 7.46119e-01 9.69376e-06
4.46139e+00 8.60259e-01 1.28951e-05
4.46139e+00 9.80743e-01 1.67354e-05
4.46139e+00 1.10710e+00 2.12189e-05
4.46139e+00 1.23885e+00 2.62955e-05
4.46139e+00 1.37548e+00 3.18362e-05
4.46139e+00 1.51646e+00 3.76103e-05
4.46139e+00 1.66125e+00 4.32685e-05
4.46139e+00 1.80928e+00 4.83448e-05
4.46139e+00 1.95998e+00 5.22892e-05
4.46139e+00 2.11277e+00 5.45395e-05
4.46139e+00 2.26706e+00 5.46310e-05
4.46139e+00 2.42225e+00 5.23232e-05
4.46139e+00 2.57775e+00 4.77050e-05
4.46139e+00 2.73294e+00 4.12295e-05
4.46139e+00 2.88723e+00 3.36482e-05
4.46139e+00 3.04002e+00 2.58481e-05
4.46139e+00 3.19072e+00 1.86460e-05
4.46139e+00 3.33875e+00 1.26148e-05
4.46139e+00 3.48354e+00 8.00418e-06
4.46139e+00 3.62452e+00 4.77011e-06
4.46139e+00 3.76115e+00 2.67820e-06
4.46139e+00 3.89290e+00 1.42337e-06
4.46139e+00 4.01926e+00 7.20696e-07
4.46139e+00 4.13974e+00 3.50490e-07
4.46139e+00 4.25388e+00 1.65313e-07
4.46139e+00 4.36124e+00 7.64706e-08
4.46139e+00 4.46139e+00 3.51241e-08
4.46139e+00 4.55396e+00 1.62338e-08
4.46139e+00 4.63857e+00 7.65575e-09
4.46139e+00 4.71492e+00 3.73652e-09
4.46139e+00 4.78270e+00 1.91408e-09
4.46139e+00 4.84164e+00 1.04313e-09
4.46139e+00 4.89153e+00 6.12448e-10
4.46139e+00 4.93216e+00 3.91787e-10
4.46139e+00 4.96339e+00 2.75716e-10
4.46139e+00 4.98508e+00 2.15095e-10
4.46139e+00 4.99717e+00 1.87029e-10
4.55396e+00 2.83399e-03 6.66337e-11
4.55396e+00 1.49201e-02 1.84690e-09
4.55396e+00 3.66148e-02 1.11232e-08
4.55396e+00 6.78390e-02 3.81874e-08
4.55396e+00 1.08473e-01 9.76560e-08
4.55396e+00 1.58358e-01 2.08219e-07
4.55396e+00 2.17304e-01 3.92338e-07
4.55396e+00 2.85080e-01 6.75901e-07
4.55396e+00 3.61426e-01 1.08782e-06
4.55396e+00 4.46045e-01 1.65948e-06
4.55396e+00 5.38610e-01 2.42403e-06
4.55396e+00 6.38764e-01 3.41505e-06
4.55396e+00 7.46119e-01 4.66461e-06
4.55396e+00 8.60259e-01 6.19993e-06
4.55396e+00 9.80743e-01 8.03839e-06
4.55396e+00 1.10710e+00 1.01803e-05
4.55396e+00 1.23885e+00 1.25996e-05
4.55396e+00 1.37548e+00 1.52324e-05
4.55396e+00 1.51646e+00 1.79666e-05
4.55396e+00 1.66125e+00 2.06343e-05
4.55396e+00 1.80928e+00 2.30134e-05
4.55396e+00 1.95998e+00 2.48438e-05
4.55396e+00 2.11277e+00 2.58622e-05
4.55396e+00 2.26706e+00 2.58539e-05
4.55396e+00 2.42225e+00 2.47120e-05
4.55396e+00 2.57775e+00 2.24857e-05
4.55396e+00 2.73294e+00 1.93952e-05
4.55396e+00 2.88723e+00 1.57984e-05
4.55396e+00 3.04002e+00 1.21136e-05
4.55396e+00 3.19072e+00 8.72292e-06
4.55396e+00 3.33875e+00 5.89151e-06
4.55396e+00 3.48354e+00 3.73228e-06
4.55396e+00 3.62452e+00 2.22098e-06
4.55396e+00 3.76115e+00 1.24527e-06
4.55396e+00 3.89290e+00 6.60986e-07
4.55396e+00 4.01926e+00 3.34292e-07
4.55396e+00 4.13974e+00 1.62403e-07
4.55396e+00 4.25388e+00 7.65275e-08
4.55396e+00 4.36124e+00 3.53701e-08
4.55396e+00 4.46139e+00 1.62338e-08
4.55396e+00 4.55396e+00 7.49802e-09
4.55396e+00 4.63857e+00 3.53396e-09
4.55396e+00 4.71492e+00 1.72394e-09
4.55396e+00 4.78270e+00 8.82728e-10
4.55396e+00 4.84164e+00 4.80891e-10
4.55396e+00 4.89153e+00 2.82258e-10
4.55396e+00 4.93216e+00 1.80520e-10
4.55396e+00 4.96339e+00 1.27016e-10
4.55396e+00 4.98508e+00 9.90770e-11
4.55396e+00 4.99717e+00 8.61432e-11
4.63857e+00 2.83399e-03 3.25567e-11
4.63857e+00 1.49201e-02 9.02379e-10
4.63857e+00 3.66148e-02 5.43467e-09
4.63857e+00 6.78390e-02 1.86577e-08
4.63857e+00 1.08473e-01 4.77118e-08
4.63857e+00 1.58358e-01 1.01724e-07
4.63857e+00 2.17304e-01 1.91659e-07
4.63857e+00 2.85080e-01 3.30137e-07
4.63857e+00 3.61426e-01 5.31234e-07
4.63857e+00 4.46045e-01 8.10197e-07
4.63857e+00 5.38610e-01 1.18306e-06
4.63857e+00 6.38764e-01 1.66601e-06
4.63857e+00 7.46119e-01 2.27436e-06
4.63857e+00 8.60259e-01 3.02096e-06
4.63857e+00 9.80743e-01 3.91370e-06
4.63857e+00 1.10710e+00 4.95207e-06
4.63857e+00 1.23885e+00 6.12256e-06
4.63857e+00 1.37548e+00 7.39342e-06
4.63857e+00 1.51646e+00 8.70949e-06
4.63857e+00 1.66125e+00 9.98895e-06
4.63857e+00 1.80928e+00 1.11244e-05
4.63857e+00 1.95998e+00 1.19907e-05
4.63857e+00 2.11277e+00 1.24624e-05
4.63857e+00 2.26706e+00 1.24381e-05
4.63857e+00 2.42225e+00 1.18691e-05
4.63857e+00 2.57775e+00 1.07821e-05
4.63857e+00 2.73294e+00 9.28500e-06
4.63857e+00 2.88723e+00 7.55104e-06
4.63857e+00 3.04002e+00 5.78089e-06
4.63857e+00 3.19072e+00 4.15658e-06
4.63857e+00 3.33875e+00 2.80339e-06
4.63857e+00 3.48354e+00 1.77358e-06
4.63857e+00 3.62452e+00 1.05408e-06
4.63857e+00 3.76115e+00 5.90319e-07
4.63857e+00 3.89290e+00 3.13000e-07
4.63857e+00 4.01926e+00 1.58142e-07
4.63857e+00 4.13974e+00 7.67580e-08
4.63857e+00 4.25388e+00 3.61402e-08
4.63857e+00 4.36124e+00 1.66913e-08
4.63857e+00 4.46139e+00 7.65575e-09
4.63857e+00 4.55396e+00 3.53396e-09
4.63857e+00 4.63857e+00 1.66477e-09
4.63857e+00 4.71492e+00 8.11747e-10
4.63857e+00 4.78270e+00 4.15490e-10
4.63857e+00 4.84164e+00 2.26277e-10
4.63857e+00 4.89153e+00 1.32778e-10
4.63857e+00 4.93216e+00 8.49006e-11
4.63857e+00 4.96339e+00 5.97275e-11
4.63857e+00 4.98508e+00 4.65846e-11
4.63857e+00 4.99717e+00 4.05009e-11
4.71492e+00 2.83399e-03 1.63605e-11
4.71492e+00 1.49201e-02 4.53466e-10
4.71492e+00 3.66148e-02 2.73104e-09
4.71492e+00 6.78390e-02 9.37581e-09
4.71492e+00 1.08473e-01 2.39754e-08
4.71492e+00 1.58358e-01 5.11149e-08
4.71492e+00 2.17304e-01 9.62990e-08
4.71492e+00 2.85080e-01 1.65861e-07
4.71492e+00 3.61426e-01 2.66852e-07
4.71492e+00 4.46045e-01 4.06899e-07
4.71492e+00 5.38610e-01 5.93998e-07
4.71492e+00 6.38764e-01 8.36188e-07
4.71492e+00 7.46119e-01 1.14103e-06
4.71492e+00 8.60259e-01 1.51480e-06
4.71492e+00 9.80743e-01 1.96123e-06
4.71492e+00 1.10710e+00 2.47978e-06
4.71492e+00 1.23885e+00 3.06339e-06
4.71492e+00 1.37548e+00 3.69583e-06
4.71492e+00 1.51646e+00 4.34928e-06
4.71492e+00 1.66125e+00 4.98269e-06
4.71492e+00 1.80928e+00 5.54250e-06
4.71492e+00 1.95998e+00 5.96671e-06
4.71492e+00 2.11277e+00 6.19339e-06
4.71492e+00 2.26706e+00 6.17308e-06
4.71492e+00 2.42225e+00 5.88275e-06
4.71492e+00 2.57775e+00 5.33672e-06
4.71492e+00 2.73294e+00 4.58954e-06
4.71492e+00 2.88723e+00 3.72751e-06
4.71492e+00 3.04002e+00 2.85002e-06
4.71492e+00 3.19072e+00 2.04667e-06
4.71492e+00 3.33875e+00 1.37873e-06
4.71492e+00 3.48354e+00 8.71275e-07
4.71492e+00 3.62452e+00 5.17271e-07
4.71492e+00 3.76115e+00 2.89401e-07
4.71492e+00 3.89290e+00 1.53306e-07
4.71492e+00 4.01926e+00 7.73914e-08
4.71492e+00 4.13974e+00 3.75346e-08
4.71492e+00 4.25388e+00 1.76601e-08
4.71492e+00 4.36124e+00 8.15111e-09
4.71492e+00 4.46139e+00 3.73652e-09
4.71492e+00 4.55396e+00 1.72394e-09
4.71492e+00 4.63857e+00 8.11747e-10
4.71492e+00 4.71492e+00 3.95657e-10
4.71492e+00 4.78270e+00 2.02448e-10
4.71492e+00 4.84164e+00 1.10223e-10
4.71492e+00 4.89153e+00 6.46630e-11
4.71492e+00 4.93216e+00 4.13391e-11
4.71492e+00 4.96339e+00 2.90780e-11
4.71492e+00 4.98508e+00 2.26773e-11
4.71492e+00 4.99717e+00 1.97147e-11
4.78270e+00 2.83399e-03 8.58410e-12
4.78270e+00 1.49201e-02 2.37926e-10
4.78270e+00 3.66148e-02 1.43293e-09
4.78270e+00 6.78390e-02 4.91929e-09
4.78270e+00 1.08473e-01 1.25792e-08
4.78270e+00 1.58358e-01 2.68176e-08
4.78270e+00 2.17304e-01 5.05208e-08
4.78270e+00 2.85080e-01 8.70075e-08
4.78270e+00 3.61426e-01 1.39969e-07
4.78270e+00 4.46045e-01 2.13392e-07
4.78270e+00 5.38610e-01 3.11446e-07
4.78270e+00 6.38764e-01 4.38310e-07
4.78270e+00 7.46119e-01 5.97898e-07
4.78270e+00 8.60259e-01 7.93419e-07
4.78270e+00 9.80743e-01 1.02674e-06
4.78270e+00 1.10710e+00 1.29746e-06
4.78270e+00 1.23885e+00 1.60175e-06
4.78270e+00 1.37548e+00 1.93100e-06
4.78270e+00 1.51646e+00 2.27056e-06
4.78270e+00 1.66125e+00 2.59892e-06
4.78270e+00 1.80928e+00 2.88815e-06
4.78270e+00 1.95998e+00 3.10607e-06
4.78270e+00 2.11277e+00 3.22068e-06
4.78270e+00 2.26706e+00 3.20664e-06
4.78270e+00 2.42225e+00 3.05246e-06
4.78270e+00 2.57775e+00 2.76606e-06
4.78270e+00 2.73294e+00 2.37616e-06
4.78270e+00 2.88723e+00 1.92775e-06
4.78270e+00 3.04002e+00 1.47237e-06
4.78270e+00 3.19072e+00 1.05626e-06
4.78270e+00 3.33875e+00 7.10838e-07
4.78270e+00 3.48354e+00 4.48784e-07
4.78270e+00 3.62452e+00 2.66204e-07
4.78270e+00 3.76115e+00 1.48810e-07
4.78270e+00 3.89290e+00 7.87688e-08
4.78270e+00 4.01926e+00 3.97354e-08
4.78270e+00 4.13974e+00 1.92589e-08
4.78270e+00 4.25388e+00 9.05593e-09
4.78270e+00 4.36124e+00 4.17755e-09
4.78270e+00 4.46139e+00 1.91408e-09
4.78270e+00 4.55396e+00 8.82728e-10
4.78270e+00 4.63857e+00 4.15490e-10
4.78270e+00 4.71492e+00 2.02448e-10
4.78270e+00 4.78270e+00 1.03558e-10
4.78270e+00 4.84164e+00 5.63686e-11
4.78270e+00 4.89153e+00 3.30624e-11
4.78270e+00 4.93216e+00 2.11334e-11
4.78270e+00 4.96339e+00 1.48635e-11
4.78270e+00 4.98508e+00 1.15907e-11
4.78270e+00 4.99717e+00 1.00760e-11
4.84164e+00 2.83399e-03 4.77017e-12
4.84164e+00 1.49201e-02 1.32215e-10
4.84164e+00 3.66148e-02 7.96274e-10
4.84164e+00 6.78390e-02 2.73362e-09
4.84164e+00 1.08473e-01 6.99008e-09
4.84164e+00 1.58358e-01 1.49018e-08
4.84164e+00 2.17304e-01 2.80718e-08
4.84164e+00 2.85080e-01 4.83425e-08
4.84164e+00 3.61426e-01 7.77612e-08
4.84164e+00 4.46045e-01 1.18537e-07
4.84164e+00 5.38610e-01 1.72975e-07
4.84164e+00 6.38764e-01 2.43382e-07
4.84164e+00 7.46119e-01 3.31906e-07
4.84164e+00 8.60259e-01 4.40298e-07
4.84164e+00 9.80743e-01 5.69550e-07
4.84164e+00 1.10710e+00 7.19392e-07
4.84164e+00 1.23885e+00 8.87643e-07
4.84164e+00 1.37548e+00 1.06947e-06
4.84164e+00 1.51646e+00 1.25671e-06
4.84164e+00 1.66125e+00 1.43743e-06
4.84164e+00 1.80928e+00 1.59618e-06
4.84164e+00 1.95998e+00 1.71522e-06
4.84164e+00 2.11277e+00 1.77701e-06
4.84164e+00 2.26706e+00 1.76771e-06
4.84164e+00 2.42225e+00 1.68122e-06
4.84164e+00 2.57775e+00 1.52210e-06
4.84164e+00 2.73294e+00 1.30637e-06
4.84164e+00 2.88723e+00 1.05890e-06
4.84164e+00 3.04002e+00 8.08058e-07
4.84164e+00 3.19072e+00 5.79199e-07
4.84164e+00 3.33875e+00 3.89472e-07
4.84164e+00 3.48354e+00 2.45700e-07
4.84164e+00 3.62452e+00 1.45634e-07
4.84164e+00 3.76115e+00 8.13544e-08
4.84164e+00 3.89290e+00 4.30351e-08
4.84164e+00 4.01926e+00 2.16964e-08
4.84164e+00 4.13974e+00 1.05100e-08
4.84164e+00 4.25388e+00 4.93954e-09
4.84164e+00 4.36124e+00 2.27760e-09
4.84164e+00 4.46139e+00 1.04313e-09
4.84164e+00 4.55396e+00 4.80891e-10
4.84164e+00 4.63857e+00 2.26277e-10
4.84164e+00 4.71492e+00 1.10223e-10
4.84164e+00 4.78270e+00 5.63686e-11
4.84164e+00 4.84164e+00 3.06761e-11
4.84164e+00 4.89153e+00 1.79897e-11
4.84164e+00 4.93216e+00 1.14974e-11
4.84164e+00 4.96339e+00 8.08550e-12
4.84164e+00 4.98508e+00 6.30473e-12
4.84164e+00 4.99717e+00 5.48060e-12
4.89153e+00 2.83399e-03 2.84467e-12
4.89153e+00 1.49201e-02 7.88460e-11
4.89153e+00 3.66148e-02 4.74854e-10
4.89153e+00 6.78390e-02 1.63017e-09
4.89153e+00 1.08473e-01 4.16843e-09
4.89153e+00 1.58358e-01 8.88628e-09
4.89153e+00 2.17304e-01 1.67393e-08
4.89153e+00 2.85080e-01 2.88253e-08
4.89153e+00 3.61426e-01 4.63636e-08
4.89153e+00 4.46045e-01 7.06680e-08
4.89153e+00 5.38610e-01 1.03109e-07
4.89153e+00 6.38764e-01 1.45053e-07
4.89153e+00 7.46119e-01 1.97769e-07
4.89153e+00 8.60259e-01 2.62288e-07
4.89153e+00 9.80743e-01 3.39179e-07
4.89153e+00 1.10710e+00 4.28258e-07
4.89153e+00 1.23885e+00 5.28200e-07
4.89153e+00 1.37548e+00 6.36104e-07
4.89153e+00 1.51646e+00 7.47084e-07
4.89153e+00 1.66125e+00 8.54035e-07
4.89153e+00 1.80928e+00 9.47782e-07
4.89153e+00 1.95998e+00 1.01782e-06
4.89153e+00 2.11277e+00 1.05377e-06
4.89153e+00 2.26706e+00 1.04753e-06
4.89153e+00 2.42225e+00 9.95564e-07
4.89153e+00 2.57775e+00 9.00693e-07
4.89153e+00 2.73294e+00 7.72480e-07
4.89153e+00 2.88723e+00 6.25700e-07
4.89153e+00 3.04002e+00 4.77144e-07
4.89153e+00 3.19072e+00 3.41773e-07
4.89153e+00 3.33875e+00 2.29668e-07
4.89153e+00 3.48354e+00 1.44796e-07
4.89153e+00 3.62452e+00 8.57740e-08
4.89153e+00 3.76115e+00 4.78885e-08
4.89153e+00 3.89290e+00 2.53189e-08
4.89153e+00 4.01926e+00 1.27584e-08
4.89153e+00 4.13974e+00 6.17758e-09
4.89153e+00 4.25388e+00 2.90218e-09
4.89153e+00 4.36124e+00 1.33768e-09
4.89153e+00 4.46139e+00 6.12448e-10
4.89153e+00 4.55396e+00 2.82258e-10
4.89153e+00 4.63857e+00 1.32778e-10
4.89153e+00 4.71492e+00 6.46630e-11
4.89153e+00 4.78270e+00 3.30624e-11
4.89153e+00 4.84164e+00 1.79897e-11
4.89153e+00 4.89153e+00 1.05484e-11
4.89153e+00 4.93216e+00 6.74084e-12
4.89153e+00 4.96339e+00 4.74005e-12
4.89153e+00 4.98508e+00 3.69587e-12
4.89153e+00 4.99717e+00 3.21266e-12
4.93216e+00 2.83399e-03 1.84195e-12
4.93216e+00 1.49201e-02 5.10534e-11
4.93216e+00 3.66148e-02 3.07471e-10
4.93216e+00 6.78390e-02 1.05554e-09
4.93216e+00 1.08473e-01 2.69906e-09
4.93216e+00 1.58358e-01 5.75378e-09
4.93216e+00 2.17304e-01 1.08383e-08
4.93216e+00 2.85080e-01 1.86629e-08
4.93216e+00 3.61426e-01 3.00163e-08
4.93216e+00 4.46045e-01 4.57478e-08
4.93216e+00 5.38610e-01 6.67418e-08
4.93216e+00 6.38764e-01 9.38796e-08
4.93216e+00 7.46119e-01 1.27978e-07
4.93216e+00 8.60259e-01 1.69694e-07
4.93216e+00 9.80743e-01 2.19388e-07
4.93216e+00 1.10710e+00 2.76930e-07
4.93216e+00 1.23885e+00 3.41449e-07
4.93216e+00 1.37548e+00 4.11055e-07
4.93216e+00 1.51646e+00 4.82580e-07
4.93216e+00 1.66125e+00 5.51426e-07
4.93216e+00 1.80928e+00 6.11671e-07
4.93216e+00 1.95998e+00 6.56543e-07
4.93216e+00 2.11277e+00 6.79382e-07
4.93216e+00 2.26706e+00 6.74996e-07
4.93216e+00 2.42225e+00 6.41157e-07
4.93216e+00 2.57775e+00 5.79735e-07
4.93216e+00 2.73294e+00 4.96932e-07
4.93216e+00 2.88723e+00 4.02286e-07
4.93216e+00 3.04002e+00 3.06606e-07
4.93216e+00 3.19072e+00 2.19502e-07
4.93216e+00 3.33875e+00 1.47427e-07
4.93216e+00 3.48354e+00 9.29010e-08
4.93216e+00 3.62452e+00 5.50066e-08
4.93216e+00 3.76115e+00 3.06972e-08
4.93216e+00 3.89290e+00 1.62230e-08
4.93216e+00 4.01926e+00 8.17180e-09
4.93216e+00 4.13974e+00 3.95535e-09
4.93216e+00 4.25388e+00 1.85759e-09
4.93216e+00 4.36124e+00 8.55952e-10
4.93216e+00 4.46139e+00 3.91787e-10
4.93216e+00 4.55396e+00 1.80520e-10
4.93216e+00 4.63857e+00 8.49006e-11
4.93216e+00 4.71492e+00 4.13391e-11
4.93216e+00 4.78270e+00 2.11334e-11
4.93216e+00 4.84164e+00 1.14974e-11
4.93216e+00 4.89153e+00 6.74084e-12
4.93216e+00 4.93216e+00 4.30728e-12
4.93216e+00 4.96339e+00 3.02860e-12
4.93216e+00 4.98508e+00 2.36133e-12
4.93216e+00 4.99717e+00 2.05255e-12
4.96339e+00 2.83399e-03 1.30795e-12
4.96339e+00 1.49201e-02 3.62525e-11
4.96339e+00 3.66148e-02 2.18332e-10
4.96339e+00 6.78390e-02 7.49528e-10
4.96339e+00 1.08473e-01 1.91655e-09
4.96339e+00 1.58358e-01 4.08561e-09
4.96339e+00 2.17304e-01 7.69584e-09
4.96339e+00 2.85080e-01 1.32514e-08
4.96339e+00 3.61426e-01 2.13120e-08
4.96339e+00 4.46045e-01 3.24796e-08
4.96339e+00 5.38610e-01 4.73813e-08
4.96339e+00 6.38764e-01 6.66405e-08
4.96339e+00 7.46119e-01 9.08341e-08
4.96339e+00 8.60259e-01 1.20425e-07
4.96339e+00 9.80743e-01 1.55665e-07
4.96339e+00 1.10710e+00 1.96453e-07
4.96339e+00 1.23885e+00 2.42166e-07
4.96339e+00 1.37548e+00 2.91456e-07
4.96339e+00 1.51646e+00 3.42070e-07
4.96339e+00 1.66125e+00 3.90747e-07
4.96339e+00 1.80928e+00 4.33288e-07
4.96339e+00 1.95998e+00 4.64905e-07
4.96339e+00 2.11277e+00 4.80893e-07
4.96339e+00 2.26706e+00 4.77599e-07
4.96339e+00 2.42225e+00 4.53471e-07
4.96339e+00 2.57775e+00 4.09860e-07
4.96339e+00 2.73294e+00 3.51174e-07
4.96339e+00 2.88723e+00 2.84172e-07
4.96339e+00 3.04002e+00 2.16496e-07
4.96339e+00 3.19072e+00 1.54930e-07
4.96339e+00 3.33875e+00 1.04018e-07
4.96339e+00 3.48354e+00 6.55228e-08
4.96339e+00 3.62452e+00 3.87824e-08
4.96339e+00 3.76115e+00 2.16359e-08
4.96339e+00 3.89290e+00 1.14307e-08
4.96339e+00 4.01926e+00 5.75619e-09
4.96339e+00 4.13974e+00 2.78539e-09
4.96339e+00 4.25388e+00 1.30781e-09
4.96339e+00 4.36124e+00 6.02488e-10
4.96339e+00 4.46139e+00 2.75716e-10
4.96339e+00 4.55396e+00 1.27016e-10
4.96339e+00 4.63857e+00 5.97275e-11
4.96339e+00 4.71492e+00 2.90780e-11
4.96339e+00 4.78270e+00 1.48635e-11
4.96339e+00 4.84164e+00 8.08550e-12
4.96339e+00 4.89153e+00 4.74005e-12
4.96339e+00 4.93216e+00 3.02860e-12
4.96339e+00 4.96339e+00 2.12941e-12
4.96339e+00 4.98508e+00 1.66019e-12
4.96339e+00 4.99717e+00 1.44307e-12
4.98508e+00 2.83399e-03 1.02660e-12
4.98508e+00 1.49201e-02 2.84543e-11
4.98508e+00 3.66148e-02 1.71367e-10
4.98508e+00 6.78390e-02 5.88296e-10
4.98508e+00 1.08473e-01 1.50427e-09
4.98508e+00 1.58358e-01 3.20671e-09
4.98508e+00 2.17304e-01 6.04024e-09
4.98508e+00 2.85080e-01 1.04005e-08
4.98508e+00 3.61426e-01 1.67263e-08
4.98508e+00 4.46045e-01 2.54902e-08
4.98508e+00 5.38610e-01 3.71832e-08
4.98508e+00 6.38764e-01 5.22937e-08
4.98508e+00 7.46119e-01 7.12731e-08
4.98508e+00 8.60259e-01 9.44826e-08
4.98508e+00 9.80743e-01 1.22116e-07
4.98508e+00 1.10710e+00 1.54093e-07
4.98508e+00 1.23885e+00 1.89919e-07
4.98508e+00 1.37548e+00 2.28535e-07
4.98508e+00 1.51646e+00 2.68170e-07
4.98508e+00 1.66125e+00 3.06265e-07
4.98508e+00 1.80928e+00 3.39530e-07
4.98508e+00 1.95998e+00 3.64216e-07
4.98508e+00 2.11277e+00 3.76644e-07
4.98508e+00 2.26706e+00 3.73964e-07
4.98508e+00 2.42225e+00 3.54974e-07
4.98508e+00 2.57775e+00 3.20746e-07
4.98508e+00 2.73294e+00 2.74743e-07
4.98508e+00 2.88723e+00 2.22261e-07
4.98508e+00 3.04002e+00 1.69283e-07
4.98508e+00 3.19072e+00 1.21111e-07
4.98508e+00 3.33875e+00 8.12910e-08
4.98508e+00 3.48354e+00 5.11937e-08
4.98508e+00 3.62452e+00 3.02940e-08
4.98508e+00 3.76115e+00 1.68966e-08
4.98508e+00 3.89290e+00 8.92496e-09
4.98508e+00 4.01926e+00 4.49346e-09
4.98508e+00 4.13974e+00 2.17397e-09
4.98508e+00 4.25388e+00 1.02056e-09
4.98508e+00 4.36124e+00 4.70085e-10
4.98508e+00 4.46139e+00 2.15095e-10
4.98508e+00 4.55396e+00 9.90770e-11
4.98508e+00 4.63857e+00 4.65846e-11
4.98508e+00 4.71492e+00 2.26773e-11
4.98508e+00 4.78270e+00 1.15907e-11
4.98508e+00 4.84164e+00 6.30473e-12
4.98508e+00 4.89153e+00 3.69587e-12
4.98508e+00 4.93216e+00 2.36133e-12
4.98508e+00 4.96339e+00 1.66019e-12
4.98508e+00 4.98508e+00 1.29433e-12
4.98508e+00 4.99717e+00 1.12504e-12
4.99717e+00 2.83399e-03 8.95621e-13
4.99717e+00 1.49201e-02 2.48240e-11
4.99717e+00 3.66148e-02 1.49503e-10
4.99717e+00 6.78390e-02 5.13239e-10
4.99717e+00 1.08473e-01 1.31235e-09
4.99717e+00 1.58358e-01 2.79757e-09
4.99717e+00 2.17304e-01 5.26953e-09
4.99717e+00 2.85080e-01 9.07332e-09
4.99717e+00 3.61426e-01 1.45918e-08
4.99717e+00 4.46045e-01 2.22367e-08
4.99717e+00 5.38610e-01 3.24364e-08
4.99717e+00 6.38764e-01 4.56164e-08
4.99717e+00 7.46119e-01 6.21695e-08
4.99717e+00 8.60259e-01 8.24101e-08
4.99717e+00 9.80743e-01 1.06506e-07
4.99717e+00 1.10710e+00 1.34385e-07
4.99717e+00 1.23885e+00 1.65615e-07
4.99717e+00 1.37548e+00 1.99270e-07
4.99717e+00 1.51646e+00 2.33805e-07
4.99717e+00 1.66125e+00 2.66987e-07
4.99717e+00 1.80928e+00 2.95949e-07
4.99717e+00 1.95998e+00 3.17423e-07
4.99717e+00 2.11277e+00 3.28209e-07
4.99717e+00 2.26706e+00 3.25825e-07
4.99717e+00 2.42225e+00 3.09233e-07
4.99717e+00 2.57775e+00 2.79373e-07
4.99717e+00 2.73294e+00 2.39267e-07
4.99717e+00 2.88723e+00 1.93532e-07
4.99717e+00 3.04002e+00 1.47380e-07
4.99717e+00 3.19072e+00 1.05425e-07
4.99717e+00 3.33875e+00 7.07524e-08
4.99717e+00 3.48354e+00 4.45508e-08
4.99717e+00 3.62452e+00 2.63596e-08
4.99717e+00 3.76115e+00 1.47003e-08
4.99717e+00 3.89290e+00 7.76397e-09
4.99717e+00 4.01926e+00 3.90852e-09
4.99717e+00 4.13974e+00 1.89078e-09
4.99717e+00 4.25388e+00 8.87536e-10
4.99717e+00 4.36124e+00 4.08778e-10
4.99717e+00 4.46139e+00 1.87029e-10
4.99717e+00 4.55396e+00 8.61432e-11
4.99717e+00 4.63857e+00 4.05009e-11
4.99717e+00 4.71492e+00 1.97147e-11
4.99717e+00 4.78270e+00 1.00760e-11
4.99717e+00 4.84164e+00 5.48060e-12
4.99717e+00 4.89153e+00 3.21266e-12
4.99717e+00 4.93216e+00 2.05255e-12
4.99717e+00 4.96339e+00 1.44307e-12
4.99717e+00 4.98508e+00 1.12504e-12
4.99717e+00 4.99717e+00 9.77883e-13
