50
7.27156e-03 2.83399e-03
1.68995e-02 1.49201e-02
2.64764e-02 3.66148e-02
3.59521e-02 6.78390e-02
4.52889e-02 1.08473e-01
5.44506e-02 1.58358e-01
6.34017e-02 2.17304e-01
7.21075e-02 2.85080e-01
8.05343e-02 3.61426e-01
8.86496e-02 4.46045e-01
9.64219e-02 5.38610e-01
1.03821e-01 6.38764e-01
1.10819e-01 7.46119e-01
1.17388e-01 8.60259e-01
1.23502e-01 9.80743e-01
1.29139e-01 1.10710e+00
1.34277e-01 1.23885e+00
1.38894e-01 1.37548e+00
1.42975e-01 1.51646e+00
1.46502e-01 1.66125e+00
1.49463e-01 1.80928e+00
1.51845e-01 1.95998e+00
1.53640e-01 2.11277e+00
1.54840e-01 2.26706e+00
1.55442e-01 2.42225e+00
1.55442e-01 2.57775e+00
1.54840e-01 2.73294e+00
1.53640e-01 2.88723e+00
1.51845e-01 3.04002e+00
1.49463e-01 3.19072e+00
1.46502e-01 3.33875e+00
1.42975e-01 3.48354e+00
1.38894e-01 3.62452e+00
1.34277e-01 3.76115e+00
1.29139e-01 3.89290e+00
1.23502e-01 4.01926e+00
1.17388e-01 4.13974e+00
1.10819e-01 4.25388e+00
1.03821e-01 4.36124e+00
9.64219e-02 4.46139e+00
8.86496e-02 4.55396e+00
8.05343e-02 4.63857e+00
7.21075e-02 4.71492e+00
6.34017e-02 4.78270e+00
5.44506e-02 4.84164e+00
4.52889e-02 4.89153e+00
3.59521e-02 4.93216e+00
2.64764e-02 4.96339e+00
1.68995e-02 4.98508e+00
7.27156e-03 4.99717e+00
2.83399e-03 2.83399e-03 3.14900e-05
2.83399e-03 1.49201e-02 8.72398e-04
2.83399e-03 3.66148e-02 5.24116e-03
2.83399e-03 6.78390e-02 1.78648e-02
2.83399e-03 1.08473e-01 4.49774e-02
2.83399e-03 1.58358e-01 9.32073e-02
2.83399e-03 2.17304e-01 1.67754e-01
2.83399e-03 2.85080e-01 2.70228e-01
2.83399e-03 3.61426e-01 3.97104e-01
2.83399e-03 4.46045e-01 5.39829e-01
2.83399e-03 5.38610e-01 6.86818e-01
2.83399e-03 6.38764e-01 8.26423e-01
2.83399e-03 7.46119e-01 9.49435e-01
2.83399e-03 8.60259e-01 1.05029e+00
2.83399e-03 9.80743e-01 1.12698e+00
2.83399e-03 1.10710e+00 1.18024e+00
2.83399e-03 1.23885e+00 1.21240e+00
2.83399e-03 1.37548e+00 1.22619e+00
2.83399e-03 1.51646e+00 1.22335e+00
2.83399e-03 1.66125e+00 1.20302e+00
2.83399e-03 1.80928e+00 1.16000e+00
2.83399e-03 1.95998e+00 1.08360e+00
2.83399e-03 2.11277e+00 9.59006e-01
2.83399e-03 2.26706e+00 7.74072e-01
2.83399e-03 2.42225e+00 5.33248e-01
2.83399e-03 2.57775e+00 2.72277e-01
2.83399e-03 2.73294e+00 5.43491e-02
2.83399e-03 2.88723e+00 -6.78631e-02
2.83399e-03 3.04002e+00 -9.57391e-02
2.83399e-03 3.19072e+00 -7.56119e-02
2.83399e-03 3.33875e+00 -4.83256e-02
2.83399e-03 3.48354e+00 -2.80339e-02
2.83399e-03 3.62452e+00 -1.52309e-02
2.83399e-03 3.76115e+00 -7.80652e-03
2.83399e-03 3.89290e+00 -3.79550e-03
2.83399e-03 4.01926e+00 -1.76287e-03
2.83399e-03 4.13974e+00 -7.89019e-04
2.83399e-03 4.25388e+00 -3.43819e-04
2.83399e-03 4.36124e+00 -1.47574e-04
2.83399e-03 4.46139e+00 -6.31974e-05
2.83399e-03 4.55396e+00 -2.73752e-05
2.83399e-03 4.63857e+00 -1.21671e-05
2.83399e-03 4.71492e+00 -5.62960e-06
2.83399e-03 4.78270e+00 -2.75064e-06
2.83399e-03 4.84164e+00 -1.43881e-06
2.83399e-03 4.89153e+00 -8.16050e-07
2.83399e-03 4.93216e+00 -5.07584e-07
2.83399e-03 4.96339e+00 -3.49609e-07
2.83399e-03 4.98508e+00 -2.68708e-07
2.83399e-03 4.99717e+00 -2.31718e-07
1.49201e-02 2.83399e-03 3.14556e-05
1.49201e-02 1.49201e-02 8.71447e-04
1.49201e-02 3.66148e-02 5.23547e-03
1.49201e-02 6.78390e-02 1.78456e-02
1.49201e-02 1.08473e-01 4.49301e-02
1.49201e-02 1.58358e-01 9.31131e-02
1.49201e-02 2.17304e-01 1.67595e-01
1.49201e-02 2.85080e-01 2.69994e-01
1.49201e-02 3.61426e-01 3.96799e-01
1.49201e-02 4.46045e-01 5.39471e-01
1.49201e-02 5.38610e-01 6.86436e-01
1.49201e-02 6.38764e-01 8.26043e-01
1.49201e-02 7.46119e-01 9.49077e-01
1.49201e-02 8.60259e-01 1.04996e+00
1.49201e-02 9.80743e-01 1.12670e+00
1.49201e-02 1.10710e+00 1.17999e+00
1.49201e-02 1.23885e+00 1.21219e+00
1.49201e-02 1.37548e+00 1.22601e+00
1.49201e-02 1.51646e+00 1.22320e+00
1.49201e-02 1.66125e+00 1.20289e+00
1.49201e-02 1.80928e+00 1.15989e+00
1.49201e-02 1.95998e+00 1.08351e+00
1.49201e-02 2.11277e+00 9.58934e-01
1.49201e-02 2.26706e+00 7.74017e-01
1.49201e-02 2.42225e+00 5.33210e-01
1.49201e-02 2.57775e+00 2.72253e-01
1.49201e-02 2.73294e+00 5.43361e-02
1.49201e-02 2.88723e+00 -6.78698e-02
1.49201e-02 3.04002e+00 -9.57429e-02
1.49201e-02 3.19072e+00 -7.56146e-02
1.49201e-02 3.33875e+00 -4.83275e-02
1.49201e-02 3.48354e+00 -2.80351e-02
1.49201e-02 3.62452e+00 -1.52317e-02
1.49201e-02 3.76115e+00 -7.80696e-03
1.49201e-02 3.89290e+00 -3.79574e-03
1.49201e-02 4.01926e+00 -1.76299e-03
1.49201e-02 4.13974e+00 -7.89080e-04
1.49201e-02 4.25388e+00 -3.43848e-04
1.49201e-02 4.36124e+00 -1.47587e-04
1.49201e-02 4.46139e+00 -6.32037e-05
1.49201e-02 4.55396e+00 -2.73781e-05
1.49201e-02 4.63857e+00 -1.21685e-05
1.49201e-02 4.71492e+00 -5.63028e-06
1.49201e-02 4.78270e+00 -2.75098e-06
1.49201e-02 4.84164e+00 -1.43900e-06
1.49201e-02 4.89153e+00 -8.16162e-07
1.49201e-02 4.93216e+00 -5.07655e-07
1.49201e-02 4.96339e+00 -3.49659e-07
1.49201e-02 4.98508e+00 -2.68747e-07
1.49201e-02 4.99717e+00 -2.31752e-07
3.66148e-02 2.83399e-03 3.12776e-05
3.66148e-02 1.49201e-02 8.66518e-04
3.66148e-02 3.66148e-02 5.20596e-03
3.66148e-02 6.78390e-02 1.77461e-02
3.66148e-02 1.08473e-01 4.46847e-02
3.66148e-02 1.58358e-01 9.26241e-02
3.66148e-02 2.17304e-01 1.66768e-01
3.66148e-02 2.85080e-01 2.68778e-01
3.66148e-02 3.61426e-01 3.95214e-01
3.66148e-02 4.46045e-01 5.37615e-01
3.66148e-02 5.38610e-01 6.84448e-01
3.66148e-02 6.38764e-01 8.24063e-01
3.66148e-02 7.46119e-01 9.47214e-01
3.66148e-02 8.60259e-01 1.04828e+00
3.66148e-02 9.80743e-01 1.12521e+00
3.66148e-02 1.10710e+00 1.17871e+00
3.66148e-02 1.23885e+00 1.21110e+00
3.66148e-02 1.37548e+00 1.22508e+00
3.66148e-02 1.51646e+00 1.22240e+00
3.66148e-02 1.66125e+00 1.20222e+00
3.66148e-02 1.80928e+00 1.15933e+00
3.66148e-02 1.95998e+00 1.08305e+00
3.66148e-02 2.11277e+00 9.58561e-01
3.66148e-02 2.26706e+00 7.73734e-01
3.66148e-02 2.42225e+00 5.33013e-01
3.66148e-02 2.57775e+00 2.72130e-01
3.66148e-02 2.73294e+00 5.42686e-02
3.66148e-02 2.88723e+00 -6.79049e-02
3.66148e-02 3.04002e+00 -9.57631e-02
3.66148e-02 3.19072e+00 -7.56282e-02
3.66148e-02 3.33875e+00 -4.83370e-02
3.66148e-02 3.48354e+00 -2.80415e-02
3.66148e-02 3.62452e+00 -1.52357e-02
3.66148e-02 3.76115e+00 -7.80926e-03
3.66148e-02 3.89290e+00 -3.79699e-03
3.66148e-02 4.01926e+00 -1.76364e-03
3.66148e-02 4.13974e+00 -7.89399e-04
3.66148e-02 4.25388e+00 -3.44000e-04
3.66148e-02 4.36124e+00 -1.47658e-04
3.66148e-02 4.46139e+00 -6.32364e-05
3.66148e-02 4.55396e+00 -2.73934e-05
3.66148e-02 4.63857e+00 -1.21757e-05
3.66148e-02 4.71492e+00 -5.63380e-06
3.66148e-02 4.78270e+00 -2.75279e-06
3.66148e-02 4.84164e+00 -1.43999e-06
3.66148e-02 4.89153e+00 -8.16741e-07
3.66148e-02 4.93216e+00 -5.08026e-07
3.66148e-02 4.96339e+00 -3.49920e-07
3.66148e-02 4.98508e+00 -2.68951e-07
3.66148e-02 4.99717e+00 -2.31929e-07
6.78390e-02 2.83399e-03 3.07666e-05
6.78390e-02 1.49201e-02 8.52370e-04
6.78390e-02 3.66148e-02 5.12124e-03
6.78390e-02 6.78390e-02 1.74601e-02
6.78390e-02 1.08473e-01 4.39798e-02
6.78390e-02 1.58358e-01 9.12184e-02
6.78390e-02 2.17304e-01 1.64389e-01
6.78390e-02 2.85080e-01 2.65271e-01
6.78390e-02 3.61426e-01 3.90637e-01
6.78390e-02 4.46045e-01 5.32241e-01
6.78390e-02 5.38610e-01 6.78683e-01
6.78390e-02 6.38764e-01 8.18315e-01
6.78390e-02 7.46119e-01 9.41796e-01
6.78390e-02 8.60259e-01 1.04338e+00
6.78390e-02 9.80743e-01 1.12090e+00
6.78390e-02 1.10710e+00 1.17499e+00
6.78390e-02 1.23885e+00 1.20791e+00
6.78390e-02 1.37548e+00 1.22236e+00
6.78390e-02 1.51646e+00 1.22010e+00
6.78390e-02 1.66125e+00 1.20027e+00
6.78390e-02 1.80928e+00 1.15769e+00
6.78390e-02 1.95998e+00 1.08169e+00
6.78390e-02 2.11277e+00 9.57473e-01
6.78390e-02 2.26706e+00 7.72908e-01
6.78390e-02 2.42225e+00 5.32437e-01
6.78390e-02 2.57775e+00 2.71772e-01
6.78390e-02 2.73294e+00 5.40716e-02
6.78390e-02 2.88723e+00 -6.80070e-02
6.78390e-02 3.04002e+00 -9.58219e-02
6.78390e-02 3.19072e+00 -7.56680e-02
6.78390e-02 3.33875e+00 -4.83650e-02
6.78390e-02 3.48354e+00 -2.80601e-02
6.78390e-02 3.62452e+00 -1.52472e-02
6.78390e-02 3.76115e+00 -7.81595e-03
6.78390e-02 3.89290e+00 -3.80064e-03
6.78390e-02 4.01926e+00 -1.76552e-03
6.78390e-02 4.13974e+00 -7.90327e-04
6.78390e-02 4.25388e+00 -3.44443e-04
6.78390e-02 4.36124e+00 -1.47865e-04
6.78390e-02 4.46139e+00 -6.33320e-05
6.78390e-02 4.55396e+00 -2.74377e-05
6.78390e-02 4.63857e+00 -1.21967e-05
6.78390e-02 4.71492e+00 -5.64407e-06
6.78390e-02 4.78270e+00 -2.75806e-06
6.78390e-02 4.84164e+00 -1.44287e-06
6.78390e-02 4.89153e+00 -8.18431e-07
6.78390e-02 4.93216e+00 -5.09108e-07
6.78390e-02 4.96339e+00 -3.50681e-07
6.78390e-02 4.98508e+00 -2.69545e-07
6.78390e-02 4.99717e+00 -2.32446e-07
1.08473e-01 2.83399e-03 2.96859e-05
1.08473e-01 1.49201e-02 8.22448e-04
1.08473e-01 3.66148e-02 4.94205e-03
1.08473e-01 6.78390e-02 1.68549e-02
1.08473e-01 1.08473e-01 4.24865e-02
1.08473e-01 1.58358e-01 8.82346e-02
1.08473e-01 2.17304e-01 1.59324e-01
1.08473e-01 2.85080e-01 2.57777e-01
1.08473e-01 3.61426e-01 3.80812e-01
1.08473e-01 4.46045e-01 5.20654e-01
1.08473e-01 5.38610e-01 6.66201e-01
1.08473e-01 6.38764e-01 8.05825e-01
1.08473e-01 7.46119e-01 9.29990e-01
1.08473e-01 8.60259e-01 1.03267e+00
1.08473e-01 9.80743e-01 1.11147e+00
1.08473e-01 1.10710e+00 1.16682e+00
1.08473e-01 1.23885e+00 1.20092e+00
1.08473e-01 1.37548e+00 1.21641e+00
1.08473e-01 1.51646e+00 1.21504e+00
1.08473e-01 1.66125e+00 1.19599e+00
1.08473e-01 1.80928e+00 1.15409e+00
1.08473e-01 1.95998e+00 1.07871e+00
1.08473e-01 2.11277e+00 9.55084e-01
1.08473e-01 2.26706e+00 7.71095e-01
1.08473e-01 2.42225e+00 5.31172e-01
1.08473e-01 2.57775e+00 2.70986e-01
1.08473e-01 2.73294e+00 5.36395e-02
1.08473e-01 2.88723e+00 -6.82312e-02
1.08473e-01 3.04002e+00 -9.59508e-02
1.08473e-01 3.19072e+00 -7.57553e-02
1.08473e-01 3.33875e+00 -4.84264e-02
1.08473e-01 3.48354e+00 -2.81010e-02
1.08473e-01 3.62452e+00 -1.52726e-02
1.08473e-01 3.76115e+00 -7.83064e-03
1.08473e-01 3.89290e+00 -3.80864e-03
1.08473e-01 4.01926e+00 -1.76965e-03
1.08473e-01 4.13974e+00 -7.92365e-04
1.08473e-01 4.25388e+00 -3.45415e-04
1.08473e-01 4.36124e+00 -1.48319e-04
1.08473e-01 4.46139e+00 -6.35417e-05
1.08473e-01 4.55396e+00 -2.75351e-05
1.08473e-01 4.63857e+00 -1.22428e-05
1.08473e-01 4.71492e+00 -5.66663e-06
1.08473e-01 4.78270e+00 -2.76964e-06
1.08473e-01 4.84164e+00 -1.44918e-06
1.08473e-01 4.89153e+00 -8.22141e-07
1.08473e-01 4.93216e+00 -5.11482e-07
1.08473e-01 4.96339e+00 -3.52353e-07
1.08473e-01 4.98508e+00 -2.70849e-07
1.08473e-01 4.99717e+00 -2.33580e-07
1.58358e-01 2.83399e-03 2.78197e-05
1.58358e-01 1.49201e-02 7.70776e-04
1.58358e-01 3.66148e-02 4.63250e-03
1.58358e-01 6.78390e-02 1.58085e-02
1.58358e-01 1.08473e-01 3.98989e-02
1.58358e-01 1.58358e-01 8.30458e-02
1.58358e-01 2.17304e-01 1.50468e-01
1.58358e-01 2.85080e-01 2.44582e-01
1.58358e-01 3.61426e-01 3.63366e-01
1.58358e-01 4.46045e-01 4.99901e-01
1.58358e-01 5.38610e-01 6.43660e-01
1.58358e-01 6.38764e-01 7.83110e-01
1.58358e-01 7.46119e-01 9.08398e-01
1.58358e-01 8.60259e-01 1.01301e+00
1.58358e-01 9.80743e-01 1.09409e+00
1.58358e-01 1.10710e+00 1.15175e+00
1.58358e-01 1.23885e+00 1.18799e+00
1.58358e-01 1.37548e+00 1.20539e+00
1.58358e-01 1.51646e+00 1.20568e+00
1.58358e-01 1.66125e+00 1.18805e+00
1.58358e-01 1.80928e+00 1.14741e+00
1.58358e-01 1.95998e+00 1.07319e+00
1.58358e-01 2.11277e+00 9.50654e-01
1.58358e-01 2.26706e+00 7.67732e-01
1.58358e-01 2.42225e+00 5.28826e-01
1.58358e-01 2.57775e+00 2.69527e-01
1.58358e-01 2.73294e+00 5.28380e-02
1.58358e-01 2.88723e+00 -6.86467e-02
1.58358e-01 3.04002e+00 -9.61896e-02
1.58358e-01 3.19072e+00 -7.59170e-02
1.58358e-01 3.33875e+00 -4.85402e-02
1.58358e-01 3.48354e+00 -2.81768e-02
1.58358e-01 3.62452e+00 -1.53196e-02
1.58358e-01 3.76115e+00 -7.85788e-03
1.58358e-01 3.89290e+00 -3.82348e-03
1.58358e-01 4.01926e+00 -1.77731e-03
1.58358e-01 4.13974e+00 -7.96146e-04
1.58358e-01 4.25388e+00 -3.47219e-04
1.58358e-01 4.36124e+00 -1.49160e-04
1.58358e-01 4.46139e+00 -6.39309e-05
1.58358e-01 4.55396e+00 -2.77159e-05
1.58358e-01 4.63857e+00 -1.23283e-05
1.58358e-01 4.71492e+00 -5.70849e-06
1.58358e-01 4.78270e+00 -2.79112e-06
1.58358e-01 4.84164e+00 -1.46090e-06
1.58358e-01 4.89153e+00 -8.29029e-07
1.58358e-01 4.93216e+00 -5.15890e-07
1.58358e-01 4.96339e+00 -3.55456e-07
1.58358e-01 4.98508e+00 -2.73270e-07
1.58358e-01 4.99717e+00 -2.35685e-07
2.17304e-01 2.83399e-03 2.50738e-05
2.17304e-01 1.49201e-02 6.94739e-04
2.17304e-01 3.66148e-02 4.17674e-03
2.17304e-01 6.78390e-02 1.42655e-02
2.17304e-01 1.08473e-01 3.60711e-02
2.17304e-01 1.58358e-01 7.53264e-02
2.17304e-01 2.17304e-01 1.37180e-01
2.17304e-01 2.85080e-01 2.24553e-01
2.17304e-01 3.61426e-01 3.36519e-01
2.17304e-01 4.46045e-01 4.67497e-01
2.17304e-01 5.38610e-01 6.07973e-01
2.17304e-01 6.38764e-01 7.46708e-01
2.17304e-01 7.46119e-01 8.73457e-01
2.17304e-01 8.60259e-01 9.80961e-01
2.17304e-01 9.80743e-01 1.06561e+00
2.17304e-01 1.10710e+00 1.12695e+00
2.17304e-01 1.23885e+00 1.16667e+00
2.17304e-01 1.37548e+00 1.18717e+00
2.17304e-01 1.51646e+00 1.19017e+00
2.17304e-01 1.66125e+00 1.17490e+00
2.17304e-01 1.80928e+00 1.13635e+00
2.17304e-01 1.95998e+00 1.06402e+00
2.17304e-01 2.11277e+00 9.43304e-01
2.17304e-01 2.26706e+00 7.62152e-01
2.17304e-01 2.42225e+00 5.24933e-01
2.17304e-01 2.57775e+00 2.67107e-01
2.17304e-01 2.73294e+00 5.15092e-02
2.17304e-01 2.88723e+00 -6.93351e-02
2.17304e-01 3.04002e+00 -9.65851e-02
2.17304e-01 3.19072e+00 -7.61849e-02
2.17304e-01 3.33875e+00 -4.87286e-02
2.17304e-01 3.48354e+00 -2.83024e-02
2.17304e-01 3.62452e+00 -1.53976e-02
2.17304e-01 3.76115e+00 -7.90306e-03
2.17304e-01 3.89290e+00 -3.84809e-03
2.17304e-01 4.01926e+00 -1.79001e-03
2.17304e-01 4.13974e+00 -8.02421e-04
2.17304e-01 4.25388e+00 -3.50213e-04
2.17304e-01 4.36124e+00 -1.50558e-04
2.17304e-01 4.46139e+00 -6.45771e-05
2.17304e-01 4.55396e+00 -2.80160e-05
2.17304e-01 4.63857e+00 -1.24704e-05
2.17304e-01 4.71492e+00 -5.77801e-06
2.17304e-01 4.78270e+00 -2.82680e-06
2.17304e-01 4.84164e+00 -1.48037e-06
2.17304e-01 4.89153e+00 -8.40467e-07
2.17304e-01 4.93216e+00 -5.23212e-07
2.17304e-01 4.96339e+00 -3.60609e-07
2.17304e-01 4.98508e+00 -2.77291e-07
2.17304e-01 4.99717e+00 -2.39182e-07
2.85080e-01 2.83399e-03 2.15651e-05
2.85080e-01 1.49201e-02 5.97562e-04
2.85080e-01 3.66148e-02 3.59387e-03
2.85080e-01 6.78390e-02 1.22880e-02
2.85080e-01 1.08473e-01 3.11441e-02
2.85080e-01 1.58358e-01 6.53121e-02
2.85080e-01 2.17304e-01 1.19732e-01
2.85080e-01 2.85080e-01 1.97820e-01
2.85080e-01 3.61426e-01 2.99968e-01
2.85080e-01 4.46045e-01 4.22416e-01
2.85080e-01 5.38610e-01 5.57259e-01
2.85080e-01 6.38764e-01 6.93993e-01
2.85080e-01 7.46119e-01 8.22069e-01
2.85080e-01 8.60259e-01 9.33256e-01
2.85080e-01 9.80743e-01 1.02284e+00
2.85080e-01 1.10710e+00 1.08949e+00
2.85080e-01 1.23885e+00 1.13431e+00
2.85080e-01 1.37548e+00 1.15945e+00
2.85080e-01 1.51646e+00 1.16652e+00
2.85080e-01 1.66125e+00 1.15482e+00
2.85080e-01 1.80928e+00 1.11942e+00
2.85080e-01 1.95998e+00 1.05000e+00
2.85080e-01 2.11277e+00 9.32053e-01
2.85080e-01 2.26706e+00 7.53608e-01
2.85080e-01 2.42225e+00 5.18973e-01
2.85080e-01 2.57775e+00 2.63402e-01
2.85080e-01 2.73294e+00 4.94766e-02
2.85080e-01 2.88723e+00 -7.03867e-02
2.85080e-01 3.04002e+00 -9.71887e-02
2.85080e-01 3.19072e+00 -7.65937e-02
2.85080e-01 3.33875e+00 -4.90165e-02
2.85080e-01 3.48354e+00 -2.84945e-02
2.85080e-01 3.62452e+00 -1.55168e-02
2.85080e-01 3.76115e+00 -7.97219e-03
2.85080e-01 3.89290e+00 -3.88577e-03
2.85080e-01 4.01926e+00 -1.80947e-03
2.85080e-01 4.13974e+00 -8.12031e-04
2.85080e-01 4.25388e+00 -3.54800e-04
2.85080e-01 4.36124e+00 -1.52699e-04
2.85080e-01 4.46139e+00 -6.55674e-05
2.85080e-01 4.55396e+00 -2.84761e-05
2.85080e-01 4.63857e+00 -1.26882e-05
2.85080e-01 4.71492e+00 -5.88460e-06
2.85080e-01 4.78270e+00 -2.88150e-06
2.85080e-01 4.84164e+00 -1.51022e-06
2.85080e-01 4.89153e+00 -8.58010e-07
2.85080e-01 4.93216e+00 -5.34440e-07
2.85080e-01 4.96339e+00 -3.68514e-07
2.85080e-01 4.98508e+00 -2.83459e-07
2.85080e-01 4.99717e+00 -2.44545e-07
3.61426e-01 2.83399e-03 1.76275e-05
3.61426e-01 1.49201e-02 4.88491e-04
3.61426e-01 3.66148e-02 2.93910e-03
3.61426e-01 6.78390e-02 1.00612e-02
3.61426e-01 1.08473e-01 2.55664e-02
3.61426e-01 1.58358e-01 5.38676e-02
3.61426e-01 2.17304e-01 9.94949e-02
3.61426e-01 2.85080e-01 1.66169e-01
3.61426e-01 3.61426e-01 2.55561e-01
3.61426e-01 4.46045e-01 3.66028e-01
3.61426e-01 5.38610e-01 4.91923e-01
3.61426e-01 6.38764e-01 6.24206e-01
3.61426e-01 7.46119e-01 7.52458e-01
3.61426e-01 8.60259e-01 8.67464e-01
3.61426e-01 9.80743e-01 9.63063e-01
3.61426e-01 1.10710e+00 1.03662e+00
3.61426e-01 1.23885e+00 1.08835e+00
3.61426e-01 1.37548e+00 1.11988e+00
3.61426e-01 1.51646e+00 1.13267e+00
3.61426e-01 1.66125e+00 1.12600e+00
3.61426e-01 1.80928e+00 1.09510e+00
3.61426e-01 1.95998e+00 1.02982e+00
3.61426e-01 2.11277e+00 9.15854e-01
3.61426e-01 2.26706e+00 7.41302e-01
3.61426e-01 2.42225e+00 5.10387e-01
3.61426e-01 2.57775e+00 2.58068e-01
3.61426e-01 2.73294e+00 4.65536e-02
3.61426e-01 2.88723e+00 -7.18959e-02
3.61426e-01 3.04002e+00 -9.80536e-02
3.61426e-01 3.19072e+00 -7.71797e-02
3.61426e-01 3.33875e+00 -4.94295e-02
3.61426e-01 3.48354e+00 -2.87702e-02
3.61426e-01 3.62452e+00 -1.56881e-02
3.61426e-01 3.76115e+00 -8.07164e-03
3.61426e-01 3.89290e+00 -3.94001e-03
3.61426e-01 4.01926e+00 -1.83750e-03
3.61426e-01 4.13974e+00 -8.25878e-04
3.61426e-01 4.25388e+00 -3.61412e-04
3.61426e-01 4.36124e+00 -1.55786e-04
3.61426e-01 4.46139e+00 -6.69956e-05
3.61426e-01 4.55396e+00 -2.91398e-05
3.61426e-01 4.63857e+00 -1.30024e-05
3.61426e-01 4.71492e+00 -6.03840e-06
3.61426e-01 4.78270e+00 -2.96045e-06
3.61426e-01 4.84164e+00 -1.55331e-06
3.61426e-01 4.89153e+00 -8.83333e-07
3.61426e-01 4.93216e+00 -5.50649e-07
3.61426e-01 4.96339e+00 -3.79925e-07
3.61426e-01 4.98508e+00 -2.92363e-07
3.61426e-01 4.99717e+00 -2.52289e-07
4.46045e-01 2.83399e-03 1.37033e-05
4.46045e-01 1.49201e-02 3.79772e-04
4.46045e-01 3.66148e-02 2.28587e-03
4.46045e-01 6.78390e-02 7.83400e-03
4.46045e-01 1.08473e-01 1.99564e-02
4.46045e-01 1.58358e-01 4.22402e-02
4.46045e-01 2.17304e-01 7.86014e-02
4.46045e-01 2.85080e-01 1.32728e-01
4.46045e-01 3.61426e-01 2.07216e-01
4.46045e-01 4.46045e-01 3.02430e-01
4.46045e-01 5.38610e-01 4.15399e-01
4.46045e-01 6.38764e-01 5.39436e-01
4.46045e-01 7.46119e-01 6.65159e-01
4.46045e-01 8.60259e-01 7.82800e-01
4.46045e-01 9.80743e-01 8.84627e-01
4.46045e-01 1.10710e+00 9.66271e-01
4.46045e-01 1.23885e+00 1.02656e+00
4.46045e-01 1.37548e+00 1.06633e+00
4.46045e-01 1.51646e+00 1.08662e+00
4.46045e-01 1.66125e+00 1.08667e+00
4.46045e-01 1.80928e+00 1.06183e+00
4.46045e-01 1.95998e+00 1.00219e+00
4.46045e-01 2.11277e+00 8.93642e-01
4.46045e-01 2.26706e+00 7.24419e-01
4.46045e-01 2.42225e+00 4.98609e-01
4.46045e-01 2.57775e+00 2.50756e-01
4.46045e-01 2.73294e+00 4.25535e-02
4.46045e-01 2.88723e+00 -7.39551e-02
4.46045e-01 3.04002e+00 -9.92308e-02
4.46045e-01 3.19072e+00 -7.79774e-02
4.46045e-01 3.33875e+00 -4.99927e-02
4.46045e-01 3.48354e+00 -2.91469e-02
4.46045e-01 3.62452e+00 -1.59225e-02
4.46045e-01 3.76115e+00 -8.20775e-03
4.46045e-01 3.89290e+00 -4.01431e-03
4.46045e-01 4.01926e+00 -1.87592e-03
4.46045e-01 4.13974e+00 -8.44872e-04
4.46045e-01 4.25388e+00 -3.70486e-04
4.46045e-01 4.36124e+00 -1.60026e-04
4.46045e-01 4.46139e+00 -6.89575e-05
4.46045e-01 4.55396e+00 -3.00517e-05
4.46045e-01 4.63857e+00 -1.34343e-05
4.46045e-01 4.71492e+00 -6.24986e-06
4.46045e-01 4.78270e+00 -3.06902e-06
4.46045e-01 4.84164e+00 -1.61257e-06
4.46045e-01 4.89153e+00 -9.18164e-07
4.46045e-01 4.93216e+00 -5.72948e-07
4.46045e-01 4.96339e+00 -3.95625e-07
4.46045e-01 4.98508e+00 -3.04615e-07
4.46045e-01 4.99717e+00 -2.62943e-07
5.38610e-01 2.83399e-03 1.01791e-05
5.38610e-01 1.49201e-02 2.82121e-04
5.38610e-01 3.66148e-02 1.69866e-03
5.38610e-01 6.78390e-02 5.82711e-03
5.38610e-01 1.08473e-01 1.48752e-02
5.38610e-01 1.58358e-01 3.16080e-02
5.38610e-01 2.17304e-01 5.91983e-02
5.38610e-01 2.85080e-01 1.00954e-01
5.38610e-01 3.61426e-01 1.59833e-01
5.38610e-01 4.46045e-01 2.37645e-01
5.38610e-01 5.38610e-01 3.33956e-01
5.38610e-01 6.38764e-01 4.45067e-01
5.38610e-01 7.46119e-01 5.63833e-01
5.38610e-01 8.60259e-01 6.81007e-01
5.38610e-01 9.80743e-01 7.87694e-01
5.38610e-01 1.10710e+00 8.77545e-01
5.38610e-01 1.23885e+00 9.47517e-01
5.38610e-01 1.37548e+00 9.97119e-01
5.38610e-01 1.51646e+00 1.02670e+00
5.38610e-01 1.66125e+00 1.03525e+00
5.38610e-01 1.80928e+00 1.01820e+00
5.38610e-01 1.95998e+00 9.65858e-01
5.38610e-01 2.11277e+00 8.64401e-01
5.38610e-01 2.26706e+00 7.02177e-01
5.38610e-01 2.42225e+00 4.83092e-01
5.38610e-01 2.57775e+00 2.41132e-01
5.38610e-01 2.73294e+00 3.73023e-02
5.38610e-01 2.88723e+00 -7.66463e-02
5.38610e-01 3.04002e+00 -1.00764e-01
5.38610e-01 3.19072e+00 -7.90165e-02
5.38610e-01 3.33875e+00 -5.07278e-02
5.38610e-01 3.48354e+00 -2.96395e-02
5.38610e-01 3.62452e+00 -1.62295e-02
5.38610e-01 3.76115e+00 -8.38635e-03
5.38610e-01 3.89290e+00 -4.11193e-03
5.38610e-01 4.01926e+00 -1.92645e-03
5.38610e-01 4.13974e+00 -8.69874e-04
5.38610e-01 4.25388e+00 -3.82439e-04
5.38610e-01 4.36124e+00 -1.65613e-04
5.38610e-01 4.46139e+00 -7.15449e-05
5.38610e-01 4.55396e+00 -3.12550e-05
5.38610e-01 4.63857e+00 -1.40044e-05
5.38610e-01 4.71492e+00 -6.52907e-06
5.38610e-01 4.78270e+00 -3.21241e-06
5.38610e-01 4.84164e+00 -1.69086e-06
5.38610e-01 4.89153e+00 -9.64188e-07
5.38610e-01 4.93216e+00 -6.02415e-07
5.38610e-01 4.96339e+00 -4.16374e-07
5.38610e-01 4.98508e+00 -3.20807e-07
5.38610e-01 4.99717e+00 -2.77025e-07
6.38764e-01 2.83399e-03 7.27374e-06
6.38764e-01 1.49201e-02 2.01606e-04
6.38764e-01 3.66148e-02 1.21417e-03
6.38764e-01 6.78390e-02 4.16806e-03
6.38764e-01 1.08473e-01 1.06567e-02
6.38764e-01 1.58358e-01 2.27106e-02
6.38764e-01 2.17304e-01 4.27457e-02
6.38764e-01 2.85080e-01 7.34650e-02
6.38764e-01 3.61426e-01 1.17656e-01
6.38764e-01 4.46045e-01 1.77773e-01
6.38764e-01 5.38610e-01 2.55179e-01
6.38764e-01 6.38764e-01 3.49053e-01
6.38764e-01 7.46119e-01 4.55395e-01
6.38764e-01 8.60259e-01 5.66993e-01
6.38764e-01 9.80743e-01 6.74998e-01
6.38764e-01 1.10710e+00 7.71428e-01
6.38764e-01 1.23885e+00 8.51026e-01
6.38764e-01 1.37548e+00 9.11419e-01
6.38764e-01 1.51646e+00 9.51759e-01
6.38764e-01 1.66125e+00 9.70506e-01
6.38764e-01 1.80928e+00 9.63003e-01
6.38764e-01 1.95998e+00 9.19763e-01
6.38764e-01 2.11277e+00 8.27229e-01
6.38764e-01 2.26706e+00 6.73875e-01
6.38764e-01 2.42225e+00 4.63346e-01
6.38764e-01 2.57775e+00 2.28902e-01
6.38764e-01 2.73294e+00 3.06545e-02
6.38764e-01 2.88723e+00 -8.00314e-02
6.38764e-01 3.04002e+00 -1.02681e-01
6.38764e-01 3.19072e+00 -8.03164e-02
6.38764e-01 3.33875e+00 -5.16501e-02
6.38764e-01 3.48354e+00 -3.02594e-02
6.38764e-01 3.62452e+00 -1.66168e-02
6.38764e-01 3.76115e+00 -8.61209e-03
6.38764e-01 3.89290e+00 -4.23551e-03
6.38764e-01 4.01926e+00 -1.99050e-03
6.38764e-01 4.13974e+00 -9.01608e-04
6.38764e-01 4.25388e+00 -3.97626e-04
6.38764e-01 4.36124e+00 -1.72719e-04
6.38764e-01 4.46139e+00 -7.48375e-05
6.38764e-01 4.55396e+00 -3.27871e-05
6.38764e-01 4.63857e+00 -1.47307e-05
6.38764e-01 4.71492e+00 -6.88494e-06
6.38764e-01 4.78270e+00 -3.39524e-06
6.38764e-01 4.84164e+00 -1.79071e-06
6.38764e-01 4.89153e+00 -1.02290e-06
6.38764e-01 4.93216e+00 -6.40014e-07
6.38764e-01 4.96339e+00 -4.42853e-07
6.38764e-01 4.98508e+00 -3.41474e-07
6.38764e-01 4.99717e+00 -2.94999e-07
7.46119e-01 2.83399e-03 5.02902e-06
7.46119e-01 1.49201e-02 1.39394e-04
7.46119e-01 3.66148e-02 8.39630e-04
7.46119e-01 6.78390e-02 2.88369e-03
7.46119e-01 1.08473e-01 7.38059e-03
7.46119e-01 1.58358e-01 1.57602e-02
7.46119e-01 2.17304e-01 2.97648e-02
7.46119e-01 2.85080e-01 5.14358e-02
7.46119e-01 3.61426e-01 8.30693e-02
7.46119e-01 4.46045e-01 1.27073e-01
7.46119e-01 5.38610e-01 1.85605e-01
7.46119e-01 6.38764e-01 2.59841e-01
7.46119e-01 7.46119e-01 3.48872e-01
7.46119e-01 8.60259e-01 4.48703e-01
7.46119e-01 9.80743e-01 5.52317e-01
7.46119e-01 1.10710e+00 6.51388e-01
7.46119e-01 1.23885e+00 7.38718e-01
7.46119e-01 1.37548e+00 8.09635e-01
7.46119e-01 1.51646e+00 8.61508e-01
7.46119e-01 1.66125e+00 8.91786e-01
7.46119e-01 1.80928e+00 8.95458e-01
7.46119e-01 1.95998e+00 8.63110e-01
7.46119e-01 2.11277e+00 7.81419e-01
7.46119e-01 2.26706e+00 6.38947e-01
7.46119e-01 2.42225e+00 4.38979e-01
7.46119e-01 2.57775e+00 2.13841e-01
7.46119e-01 2.73294e+00 2.25111e-02
7.46119e-01 2.88723e+00 -8.41387e-02
7.46119e-01 3.04002e+00 -1.04989e-01
7.46119e-01 3.19072e+00 -8.18800e-02
7.46119e-01 3.33875e+00 -5.27640e-02
7.46119e-01 3.48354e+00 -3.10110e-02
7.46119e-01 3.62452e+00 -1.70880e-02
7.46119e-01 3.76115e+00 -8.88746e-03
7.46119e-01 3.89290e+00 -4.38660e-03
7.46119e-01 4.01926e+00 -2.06897e-03
7.46119e-01 4.13974e+00 -9.40541e-04
7.46119e-01 4.25388e+00 -4.16284e-04
7.46119e-01 4.36124e+00 -1.81458e-04
7.46119e-01 4.46139e+00 -7.88912e-05
7.46119e-01 4.55396e+00 -3.46750e-05
7.46119e-01 4.63857e+00 -1.56263e-05
7.46119e-01 4.71492e+00 -7.32400e-06
7.46119e-01 4.78270e+00 -3.62092e-06
7.46119e-01 4.84164e+00 -1.91401e-06
7.46119e-01 4.89153e+00 -1.09543e-06
7.46119e-01 4.93216e+00 -6.86471e-07
7.46119e-01 4.96339e+00 -4.75576e-07
7.46119e-01 4.98508e+00 -3.67017e-07
7.46119e-01 4.99717e+00 -3.17216e-07
8.60259e-01 2.83399e-03 3.37063e-06
8.60259e-01 1.49201e-02 9.34285e-05
8.60259e-01 3.66148e-02 5.62819e-04
8.60259e-01 6.78390e-02 1.93357e-03
8.60259e-01 1.08473e-01 4.95213e-03
8.60259e-01 1.58358e-01 1.05880e-02
8.60259e-01 2.17304e-01 2.00406e-02
8.60259e-01 2.85080e-01 3.47562e-02
8.60259e-01 3.61426e-01 5.64491e-02
8.60259e-01 4.46045e-01 8.71000e-02
8.60259e-01 5.38610e-01 1.28864e-01
8.60259e-01 6.38764e-01 1.83758e-01
8.60259e-01 7.46119e-01 2.52959e-01
8.60259e-01 8.60259e-01 3.35684e-01
8.60259e-01 9.80743e-01 4.28161e-01
8.60259e-01 1.10710e+00 5.23724e-01
8.60259e-01 1.23885e+00 6.14553e-01
8.60259e-01 1.37548e+00 6.93880e-01
8.60259e-01 1.51646e+00 7.56826e-01
8.60259e-01 1.66125e+00 7.99240e-01
8.60259e-01 1.80928e+00 8.15327e-01
8.60259e-01 1.95998e+00 7.95497e-01
8.60259e-01 2.11277e+00 7.26540e-01
8.60259e-01 2.26706e+00 5.97024e-01
8.60259e-01 2.42225e+00 4.09732e-01
8.60259e-01 2.57775e+00 1.95815e-01
8.60259e-01 2.73294e+00 1.28387e-02
8.60259e-01 2.88723e+00 -8.89496e-02
8.60259e-01 3.04002e+00 -1.07656e-01
8.60259e-01 3.19072e+00 -8.36857e-02
8.60259e-01 3.33875e+00 -5.40574e-02
8.60259e-01 3.48354e+00 -3.18887e-02
8.60259e-01 3.62452e+00 -1.76406e-02
8.60259e-01 3.76115e+00 -9.21164e-03
8.60259e-01 3.89290e+00 -4.56501e-03
8.60259e-01 4.01926e+00 -2.16186e-03
8.60259e-01 4.13974e+00 -9.86731e-04
8.60259e-01 4.25388e+00 -4.38459e-04
8.60259e-01 4.36124e+00 -1.91861e-04
8.60259e-01 4.46139e+00 -8.37226e-05
8.60259e-01 4.55396e+00 -3.69276e-05
8.60259e-01 4.63857e+00 -1.66958e-05
8.60259e-01 4.71492e+00 -7.84877e-06
8.60259e-01 4.78270e+00 -3.89082e-06
8.60259e-01 4.84164e+00 -2.06155e-06
8.60259e-01 4.89153e+00 -1.18225e-06
8.60259e-01 4.93216e+00 -7.42105e-07
8.60259e-01 4.96339e+00 -5.14773e-07
8.60259e-01 4.98508e+00 -3.97619e-07
8.60259e-01 4.99717e+00 -3.43835e-07
9.80743e-01 2.83399e-03 2.17876e-06
9.80743e-01 1.49201e-02 6.03927e-05
9.80743e-01 3.66148e-02 3.63835e-04
9.80743e-01 6.78390e-02 1.25022e-03
9.80743e-01 1.08473e-01 3.20346e-03
9.80743e-01 1.58358e-01 6.85523e-03
9.80743e-01 2.17304e-01 1.29950e-02
9.80743e-01 2.85080e-01 2.25930e-02
9.80743e-01 3.61426e-01 3.68378e-02
9.80743e-01 4.46045e-01 5.71838e-02
9.80743e-01 5.38610e-01 8.53842e-02
9.80743e-01 6.38764e-01 1.23443e-01
9.80743e-01 7.46119e-01 1.73355e-01
9.80743e-01 8.60259e-01 2.36430e-01
9.80743e-01 9.80743e-01 3.12162e-01
9.80743e-01 1.10710e+00 3.97134e-01
9.80743e-01 1.23885e+00 4.85059e-01
9.80743e-01 1.37548e+00 5.68393e-01
9.80743e-01 1.51646e+00 6.40152e-01
9.80743e-01 1.66125e+00 6.94106e-01
9.80743e-01 1.80928e+00 7.23119e-01
9.80743e-01 1.95998e+00 7.17030e-01
9.80743e-01 2.11277e+00 6.62511e-01
9.80743e-01 2.26706e+00 5.47975e-01
9.80743e-01 2.42225e+00 3.75513e-01
9.80743e-01 2.57775e+00 1.74806e-01
9.80743e-01 2.73294e+00 1.68794e-03
9.80743e-01 2.88723e+00 -9.43814e-02
9.80743e-01 3.04002e+00 -1.10606e-01
9.80743e-01 3.19072e+00 -8.56772e-02
9.80743e-01 3.33875e+00 -5.54948e-02
9.80743e-01 3.48354e+00 -3.28717e-02
9.80743e-01 3.62452e+00 -1.82636e-02
9.80743e-01 3.76115e+00 -9.57894e-03
9.80743e-01 3.89290e+00 -4.76801e-03
9.80743e-01 4.01926e+00 -2.26791e-03
9.80743e-01 4.13974e+00 -1.03962e-03
9.80743e-01 4.25388e+00 -4.63912e-04
9.80743e-01 4.36124e+00 -2.03826e-04
9.80743e-01 4.46139e+00 -8.92892e-05
9.80743e-01 4.55396e+00 -3.95267e-05
9.80743e-01 4.63857e+00 -1.79314e-05
9.80743e-01 4.71492e+00 -8.45564e-06
9.80743e-01 4.78270e+00 -4.20323e-06
9.80743e-01 4.84164e+00 -2.23244e-06
9.80743e-01 4.89153e+00 -1.28287e-06
9.80743e-01 4.93216e+00 -8.06608e-07
9.80743e-01 4.96339e+00 -5.60234e-07
9.80743e-01 4.98508e+00 -4.33118e-07
9.80743e-01 4.99717e+00 -3.74719e-07
1.10710e+00 2.83399e-03 1.33484e-06
1.10710e+00 1.49201e-02 3.70007e-05
1.10710e+00 3.66148e-02 2.22926e-04
1.10710e+00 6.78390e-02 7.66178e-04
1.10710e+00 1.08473e-01 1.96408e-03
1.10710e+00 1.58358e-01 4.20660e-03
1.10710e+00 2.17304e-01 7.98572e-03
1.10710e+00 2.85080e-01 1.39158e-02
1.10710e+00 3.61426e-01 2.27696e-02
1.10710e+00 4.46045e-01 3.55312e-02
1.10710e+00 5.38610e-01 5.34645e-02
1.10710e+00 6.38764e-01 7.81744e-02
1.10710e+00 7.46119e-01 1.11601e-01
1.10710e+00 8.60259e-01 1.55805e-01
1.10710e+00 9.80743e-01 2.12325e-01
1.10710e+00 1.10710e+00 2.81014e-01
1.10710e+00 1.23885e+00 3.58827e-01
1.10710e+00 1.37548e+00 4.39688e-01
1.10710e+00 1.51646e+00 5.15809e-01
1.10710e+00 1.66125e+00 5.78991e-01
1.10710e+00 1.80928e+00 6.20284e-01
1.10710e+00 1.95998e+00 6.28449e-01
1.10710e+00 2.11277e+00 5.89670e-01
1.10710e+00 2.26706e+00 4.91949e-01
1.10710e+00 2.42225e+00 3.36413e-01
1.10710e+00 2.57775e+00 1.50926e-01
1.10710e+00 2.73294e+00 -1.07928e-02
1.10710e+00 2.88723e+00 -1.00273e-01
1.10710e+00 3.04002e+00 -1.13698e-01
1.10710e+00 3.19072e+00 -8.77522e-02
1.10710e+00 3.33875e+00 -5.70093e-02
1.10710e+00 3.48354e+00 -3.39196e-02
1.10710e+00 3.62452e+00 -1.89338e-02
1.10710e+00 3.76115e+00 -9.97701e-03
1.10710e+00 3.89290e+00 -4.98931e-03
1.10710e+00 4.01926e+00 -2.38410e-03
1.10710e+00 4.13974e+00 -1.09779e-03
1.10710e+00 4.25388e+00 -4.92002e-04
1.10710e+00 4.36124e+00 -2.17068e-04
1.10710e+00 4.46139e+00 -9.54644e-05
1.10710e+00 4.55396e+00 -4.24156e-05
1.10710e+00 4.63857e+00 -1.93071e-05
1.10710e+00 4.71492e+00 -9.13224e-06
1.10710e+00 4.78270e+00 -4.55193e-06
1.10710e+00 4.84164e+00 -2.42337e-06
1.10710e+00 4.89153e+00 -1.39537e-06
1.10710e+00 4.93216e+00 -8.78771e-07
1.10710e+00 4.96339e+00 -6.11115e-07
1.10710e+00 4.98508e+00 -4.72863e-07
1.10710e+00 4.99717e+00 -4.09301e-07
1.23885e+00 2.83399e-03 7.41484e-07
1.23885e+00 1.49201e-02 2.05538e-05
1.23885e+00 3.66148e-02 1.23849e-04
1.23885e+00 6.78390e-02 4.25802e-04
1.23885e+00 1.08473e-01 1.09234e-03
1.23885e+00 1.58358e-01 2.34275e-03
1.23885e+00 2.17304e-01 4.45761e-03
1.23885e+00 2.85080e-01 7.79536e-03
1.23885e+00 3.61426e-01 1.28213e-02
1.23885e+00 4.46045e-01 2.01534e-02
1.23885e+00 5.38610e-01 3.06286e-02
1.23885e+00 6.38764e-01 4.53878e-02
1.23885e+00 7.46119e-01 6.59636e-02
1.23885e+00 8.60259e-01 9.43088e-02
1.23885e+00 9.80743e-01 1.32622e-01
1.23885e+00 1.10710e+00 1.82720e-01
1.23885e+00 1.23885e+00 2.44799e-01
1.23885e+00 1.37548e+00 3.16028e-01
1.23885e+00 1.51646e+00 3.90102e-01
1.23885e+00 1.66125e+00 4.58123e-01
1.23885e+00 1.80928e+00 5.09423e-01
1.23885e+00 1.95998e+00 5.31251e-01
1.23885e+00 2.11277e+00 5.08835e-01
1.23885e+00 2.26706e+00 4.29384e-01
1.23885e+00 2.42225e+00 2.92704e-01
1.23885e+00 2.57775e+00 1.24410e-01
1.23885e+00 2.73294e+00 -2.43540e-02
1.23885e+00 2.88723e+00 -1.06375e-01
1.23885e+00 3.04002e+00 -1.16718e-01
1.23885e+00 3.19072e+00 -8.97512e-02
1.23885e+00 3.33875e+00 -5.84943e-02
1.23885e+00 3.48354e+00 -3.49663e-02
1.23885e+00 3.62452e+00 -1.96129e-02
1.23885e+00 3.76115e+00 -1.03849e-02
1.23885e+00 3.89290e+00 -5.21807e-03
1.23885e+00 4.01926e+00 -2.50505e-03
1.23885e+00 4.13974e+00 -1.15871e-03
1.23885e+00 4.25388e+00 -5.21558e-04
1.23885e+00 4.36124e+00 -2.31056e-04
1.23885e+00 4.46139e+00 -1.02010e-04
1.23885e+00 4.55396e+00 -4.54863e-05
1.23885e+00 4.63857e+00 -2.07728e-05
1.23885e+00 4.71492e+00 -9.85448e-06
1.23885e+00 4.78270e+00 -4.92474e-06
1.23885e+00 4.84164e+00 -2.62777e-06
1.23885e+00 4.89153e+00 -1.51594e-06
1.23885e+00 4.93216e+00 -9.56169e-07
1.23885e+00 4.96339e+00 -6.65722e-07
1.23885e+00 4.98508e+00 -5.15535e-07
1.23885e+00 4.99717e+00 -4.46438e-07
1.37548e+00 2.83399e-03 3.25820e-07
1.37548e+00 1.49201e-02 9.03222e-06
1.37548e+00 3.66148e-02 5.44418e-05
1.37548e+00 6.78390e-02 1.87347e-04
1.37548e+00 1.08473e-01 4.81586e-04
1.37548e+00 1.58358e-01 1.03672e-03
1.37548e+00 2.17304e-01 1.98474e-03
1.37548e+00 2.85080e-01 3.50327e-03
1.37548e+00 3.61426e-01 5.83834e-03
1.37548e+00 4.46045e-01 9.34071e-03
1.37548e+00 5.38610e-01 1.45207e-02
1.37548e+00 6.38764e-01 2.21259e-02
1.37548e+00 7.46119e-01 3.32427e-02
1.37548e+00 8.60259e-01 4.94050e-02
1.37548e+00 9.80743e-01 7.26488e-02
1.37548e+00 1.10710e+00 1.05354e-01
1.37548e+00 1.23885e+00 1.49592e-01
1.37548e+00 1.37548e+00 2.05742e-01
1.37548e+00 1.51646e+00 2.70784e-01
1.37548e+00 1.66125e+00 3.37410e-01
1.37548e+00 1.80928e+00 3.94482e-01
1.37548e+00 1.95998e+00 4.27841e-01
1.37548e+00 2.11277e+00 4.21366e-01
1.37548e+00 2.26706e+00 3.61017e-01
1.37548e+00 2.42225e+00 2.44817e-01
1.37548e+00 2.57775e+00 9.55934e-02
1.37548e+00 2.73294e+00 -3.86557e-02
1.37548e+00 2.88723e+00 -1.12343e-01
1.37548e+00 3.04002e+00 -1.19366e-01
1.37548e+00 3.19072e+00 -9.14483e-02
1.37548e+00 3.33875e+00 -5.97967e-02
1.37548e+00 3.48354e+00 -3.59156e-02
1.37548e+00 3.62452e+00 -2.02443e-02
1.37548e+00 3.76115e+00 -1.07712e-02
1.37548e+00 3.89290e+00 -5.43791e-03
1.37548e+00 4.01926e+00 -2.62261e-03
1.37548e+00 4.13974e+00 -1.21846e-03
1.37548e+00 4.25388e+00 -5.50765e-04
1.37548e+00 4.36124e+00 -2.44964e-04
1.37548e+00 4.46139e+00 -1.08550e-04
1.37548e+00 4.55396e+00 -4.85675e-05
1.37548e+00 4.63857e+00 -2.22485e-05
1.37548e+00 4.71492e+00 -1.05838e-05
1.37548e+00 4.78270e+00 -5.30208e-06
1.37548e+00 4.84164e+00 -2.83505e-06
1.37548e+00 4.89153e+00 -1.63839e-06
1.37548e+00 4.93216e+00 -1.03487e-06
1.37548e+00 4.96339e+00 -7.21295e-07
1.37548e+00 4.98508e+00 -5.58988e-07
1.37548e+00 4.99717e+00 -4.84268e-07
1.51646e+00 2.83399e-03 3.57345e-08
1.51646e+00 1.49201e-02 9.91482e-07
1.51646e+00 3.66148e-02 6.00341e-06
1.51646e+00 6.78390e-02 2.09321e-05
1.51646e+00 1.08473e-01 5.53410e-05
1.51646e+00 1.58358e-01 1.25211e-04
1.51646e+00 2.17304e-01 2.58756e-04
1.51646e+00 2.85080e-01 5.07120e-04
1.51646e+00 3.61426e-01 9.62355e-04
1.51646e+00 4.46045e-01 1.78595e-03
1.51646e+00 5.38610e-01 3.25231e-03
1.51646e+00 6.38764e-01 5.81285e-03
1.51646e+00 7.46119e-01 1.01858e-02
1.51646e+00 8.60259e-01 1.74719e-02
1.51646e+00 9.80743e-01 2.92770e-02
1.51646e+00 1.10710e+00 4.77720e-02
1.51646e+00 1.23885e+00 7.55103e-02
1.51646e+00 1.37548e+00 1.14674e-01
1.51646e+00 1.51646e+00 1.65456e-01
1.51646e+00 1.66125e+00 2.23941e-01
1.51646e+00 1.80928e+00 2.80795e-01
1.51646e+00 1.95998e+00 3.21682e-01
1.51646e+00 2.11277e+00 3.29274e-01
1.51646e+00 2.26706e+00 2.87915e-01
1.51646e+00 2.42225e+00 1.93319e-01
1.51646e+00 2.57775e+00 6.48742e-02
1.51646e+00 2.73294e+00 -5.32965e-02
1.51646e+00 2.88723e+00 -1.17755e-01
1.51646e+00 3.04002e+00 -1.21260e-01
1.51646e+00 3.19072e+00 -9.25497e-02
1.51646e+00 3.33875e+00 -6.07149e-02
1.51646e+00 3.48354e+00 -3.66397e-02
1.51646e+00 3.62452e+00 -2.07522e-02
1.51646e+00 3.76115e+00 -1.10938e-02
1.51646e+00 3.89290e+00 -5.62649e-03
1.51646e+00 4.01926e+00 -2.72557e-03
1.51646e+00 4.13974e+00 -1.27164e-03
1.51646e+00 4.25388e+00 -5.77095e-04
1.51646e+00 4.36124e+00 -2.57632e-04
1.51646e+00 4.46139e+00 -1.14557e-04
1.51646e+00 4.55396e+00 -5.14172e-05
1.51646e+00 4.63857e+00 -2.36210e-05
1.51646e+00 4.71492e+00 -1.12652e-05
1.51646e+00 4.78270e+00 -5.65601e-06
1.51646e+00 4.84164e+00 -3.03006e-06
1.51646e+00 4.89153e+00 -1.75388e-06
1.51646e+00 4.93216e+00 -1.10923e-06
1.51646e+00 4.96339e+00 -7.73879e-07
1.51646e+00 4.98508e+00 -6.00142e-07
1.51646e+00 4.99717e+00 -5.20114e-07
1.66125e+00 2.83399e-03 -1.65456e-07
1.66125e+00 1.49201e-02 -4.58521e-06
1.66125e+00 3.66148e-02 -2.75913e-05
1.66125e+00 6.78390e-02 -9.44873e-05
1.66125e+00 1.08473e-01 -2.40293e-04
1.66125e+00 1.58358e-01 -5.07014e-04
1.66125e+00 2.17304e-01 -9.38483e-04
1.66125e+00 2.85080e-01 -1.57144e-03
1.66125e+00 3.61426e-01 -2.42107e-03
1.66125e+00 4.46045e-01 -3.45831e-03
1.66125e+00 5.38610e-01 -4.57524e-03
1.66125e+00 6.38764e-01 -5.53344e-03
1.66125e+00 7.46119e-01 -5.88952e-03
1.66125e+00 8.60259e-01 -4.89347e-03
1.66125e+00 9.80743e-01 -1.36348e-03
1.66125e+00 1.10710e+00 6.43461e-03
1.66125e+00 1.23885e+00 2.08157e-02
1.66125e+00 1.37548e+00 4.44015e-02
1.66125e+00 1.51646e+00 7.91703e-02
1.66125e+00 1.66125e+00 1.24500e-01
1.66125e+00 1.80928e+00 1.74650e-01
1.66125e+00 1.95998e+00 2.17373e-01
1.66125e+00 2.11277e+00 2.35380e-01
1.66125e+00 2.26706e+00 2.11570e-01
1.66125e+00 2.42225e+00 1.38936e-01
1.66125e+00 2.57775e+00 3.26876e-02
1.66125e+00 2.73294e+00 -6.78503e-02
1.66125e+00 2.88723e+00 -1.22136e-01
1.66125e+00 3.04002e+00 -1.21953e-01
1.66125e+00 3.19072e+00 -9.27043e-02
1.66125e+00 3.33875e+00 -6.10051e-02
1.66125e+00 3.48354e+00 -3.69825e-02
1.66125e+00 3.62452e+00 -2.10433e-02
1.66125e+00 3.76115e+00 -1.13001e-02
1.66125e+00 3.89290e+00 -5.75600e-03
1.66125e+00 4.01926e+00 -2.79988e-03
1.66125e+00 4.13974e+00 -1.31144e-03
1.66125e+00 4.25388e+00 -5.97352e-04
1.66125e+00 4.36124e+00 -2.67590e-04
1.66125e+00 4.46139e+00 -1.19360e-04
1.66125e+00 4.55396e+00 -5.37263e-05
1.66125e+00 4.63857e+00 -2.47454e-05
1.66125e+00 4.71492e+00 -1.18284e-05
1.66125e+00 4.78270e+00 -5.95057e-06
1.66125e+00 4.84164e+00 -3.19328e-06
1.66125e+00 4.89153e+00 -1.85097e-06
1.66125e+00 4.93216e+00 -1.17197e-06
1.66125e+00 4.96339e+00 -8.18354e-07
1.66125e+00 4.98508e+00 -6.35008e-07
1.66125e+00 4.99717e+00 -5.50512e-07
1.80928e+00 2.83399e-03 -3.03643e-07
1.80928e+00 1.49201e-02 -8.41556e-06
1.80928e+00 3.66148e-02 -5.06662e-05
1.80928e+00 6.78390e-02 -1.73766e-04
1.80928e+00 1.08473e-01 -4.43369e-04
1.80928e+00 1.58358e-01 -9.41354e-04
1.80928e+00 2.17304e-01 -1.76115e-03
1.80928e+00 2.85080e-01 -3.00014e-03
1.80928e+00 3.61426e-01 -4.74774e-03
1.80928e+00 4.46045e-01 -7.06704e-03
1.80928e+00 5.38610e-01 -9.96684e-03
1.80928e+00 6.38764e-01 -1.33597e-02
1.80928e+00 7.46119e-01 -1.70007e-02
1.80928e+00 8.60259e-01 -2.04022e-02
1.80928e+00 9.80743e-01 -2.27229e-02
1.80928e+00 1.10710e+00 -2.26464e-02
1.80928e+00 1.23885e+00 -1.82908e-02
1.80928e+00 1.37548e+00 -7.26820e-03
1.80928e+00 1.51646e+00 1.28631e-02
1.80928e+00 1.66125e+00 4.33551e-02
1.80928e+00 1.80928e+00 8.19629e-02
1.80928e+00 1.95998e+00 1.20327e-01
1.80928e+00 2.11277e+00 1.43475e-01
1.80928e+00 2.26706e+00 1.34134e-01
1.80928e+00 2.42225e+00 8.26992e-02
1.80928e+00 2.57775e+00 -4.49491e-04
1.80928e+00 2.73294e+00 -8.18874e-02
1.80928e+00 2.88723e+00 -1.25006e-01
1.80928e+00 3.04002e+00 -1.20973e-01
1.80928e+00 3.19072e+00 -9.15329e-02
1.80928e+00 3.33875e+00 -6.04011e-02
1.80928e+00 3.48354e+00 -3.67725e-02
1.80928e+00 3.62452e+00 -2.10142e-02
1.80928e+00 3.76115e+00 -1.13316e-02
1.80928e+00 3.89290e+00 -5.79520e-03
1.80928e+00 4.01926e+00 -2.82967e-03
1.80928e+00 4.13974e+00 -1.33014e-03
1.80928e+00 4.25388e+00 -6.07895e-04
1.80928e+00 4.36124e+00 -2.73153e-04
1.80928e+00 4.46139e+00 -1.22186e-04
1.80928e+00 4.55396e+00 -5.51387e-05
1.80928e+00 4.63857e+00 -2.54540e-05
1.80928e+00 4.71492e+00 -1.21916e-05
1.80928e+00 4.78270e+00 -6.14405e-06
1.80928e+00 4.84164e+00 -3.30203e-06
1.80928e+00 4.89153e+00 -1.91638e-06
1.80928e+00 4.93216e+00 -1.21459e-06
1.80928e+00 4.96339e+00 -8.48751e-07
1.80928e+00 4.98508e+00 -6.58936e-07
1.80928e+00 4.99717e+00 -5.71420e-07
1.95998e+00 2.83399e-03 -3.97202e-07
1.95998e+00 1.49201e-02 -1.10089e-05
1.95998e+00 3.66148e-02 -6.62892e-05
1.95998e+00 6.78390e-02 -2.27446e-04
1.95998e+00 1.08473e-01 -5.80889e-04
1.95998e+00 1.58358e-01 -1.23555e-03
1.95998e+00 2.17304e-01 -2.31858e-03
1.95998e+00 2.85080e-01 -3.96879e-03
1.95998e+00 3.61426e-01 -6.32661e-03
1.95998e+00 4.46045e-01 -9.51897e-03
1.95998e+00 5.38610e-01 -1.36364e-02
1.95998e+00 6.38764e-01 -1.86984e-02
1.95998e+00 7.46119e-01 -2.46031e-02
1.95998e+00 8.60259e-01 -3.10551e-02
1.95998e+00 9.80743e-01 -3.74718e-02
1.95998e+00 1.10710e+00 -4.28736e-02
1.95998e+00 1.23885e+00 -4.57872e-02
1.95998e+00 1.37548e+00 -4.42317e-02
1.95998e+00 1.51646e+00 -3.59332e-02
1.95998e+00 1.66125e+00 -1.90356e-02
1.95998e+00 1.80928e+00 6.34412e-03
1.95998e+00 1.95998e+00 3.56933e-02
1.95998e+00 2.11277e+00 5.82047e-02
1.95998e+00 2.26706e+00 5.87330e-02
1.95998e+00 2.42225e+00 2.62863e-02
1.95998e+00 2.57775e+00 -3.37383e-02
1.95998e+00 2.73294e+00 -9.49252e-02
1.95998e+00 2.88723e+00 -1.25914e-01
1.95998e+00 3.04002e+00 -1.17887e-01
1.95998e+00 3.19072e+00 -8.86814e-02
1.95998e+00 3.33875e+00 -5.86508e-02
1.95998e+00 3.48354e+00 -3.58453e-02
1.95998e+00 3.62452e+00 -2.05650e-02
1.95998e+00 3.76115e+00 -1.11315e-02
1.95998e+00 3.89290e+00 -5.71343e-03
1.95998e+00 4.01926e+00 -2.79928e-03
1.95998e+00 4.13974e+00 -1.32006e-03
1.95998e+00 4.25388e+00 -6.05082e-04
1.95998e+00 4.36124e+00 -2.72632e-04
1.95998e+00 4.46139e+00 -1.22256e-04
1.95998e+00 4.55396e+00 -5.52941e-05
1.95998e+00 4.63857e+00 -2.55767e-05
1.95998e+00 4.71492e+00 -1.22719e-05
1.95998e+00 4.78270e+00 -6.19393e-06
1.95998e+00 4.84164e+00 -3.33314e-06
1.95998e+00 4.89153e+00 -1.93651e-06
1.95998e+00 4.93216e+00 -1.22840e-06
1.95998e+00 4.96339e+00 -8.58956e-07
1.95998e+00 4.98508e+00 -6.67155e-07
1.95998e+00 4.99717e+00 -5.78689e-07
2.11277e+00 2.83399e-03 -4.58715e-07
2.11277e+00 1.49201e-02 -1.27140e-05
2.11277e+00 3.66148e-02 -7.65613e-05
2.11277e+00 6.78390e-02 -2.62744e-04
2.11277e+00 1.08473e-01 -6.71336e-04
2.11277e+00 1.58358e-01 -1.42912e-03
2.11277e+00 2.17304e-01 -2.68560e-03
2.11277e+00 2.85080e-01 -4.60723e-03
2.11277e+00 3.61426e-01 -7.36884e-03
2.11277e+00 4.46045e-01 -1.11410e-02
2.11277e+00 5.38610e-01 -1.60711e-02
2.11277e+00 6.38764e-01 -2.22547e-02
2.11277e+00 7.46119e-01 -2.96930e-02
2.11277e+00 8.60259e-01 -3.82329e-02
2.11277e+00 9.80743e-01 -4.74867e-02
2.11277e+00 1.10710e+00 -5.67366e-02
2.11277e+00 1.23885e+00 -6.48444e-02
2.11277e+00 1.37548e+00 -7.02135e-02
2.11277e+00 1.51646e+00 -7.09008e-02
2.11277e+00 1.66125e+00 -6.50428e-02
2.11277e+00 1.80928e+00 -5.18296e-02
2.11277e+00 1.95998e+00 -3.31858e-02
2.11277e+00 2.11277e+00 -1.56667e-02
2.11277e+00 2.26706e+00 -1.03757e-02
2.11277e+00 2.42225e+00 -2.74834e-02
2.11277e+00 2.57775e+00 -6.56865e-02
2.11277e+00 2.73294e+00 -1.06247e-01
2.11277e+00 2.88723e+00 -1.24442e-01
2.11277e+00 3.04002e+00 -1.12370e-01
2.11277e+00 3.19072e+00 -8.38925e-02
2.11277e+00 3.33875e+00 -5.55679e-02
2.11277e+00 3.48354e+00 -3.40771e-02
2.11277e+00 3.62452e+00 -1.96191e-02
2.11277e+00 3.76115e+00 -1.06552e-02
2.11277e+00 3.89290e+00 -5.48648e-03
2.11277e+00 4.01926e+00 -2.69618e-03
2.11277e+00 4.13974e+00 -1.27502e-03
2.11277e+00 4.25388e+00 -5.85950e-04
2.11277e+00 4.36124e+00 -2.64640e-04
2.11277e+00 4.46139e+00 -1.18928e-04
2.11277e+00 4.55396e+00 -5.38933e-05
2.11277e+00 4.63857e+00 -2.49717e-05
2.11277e+00 4.71492e+00 -1.19997e-05
2.11277e+00 4.78270e+00 -6.06445e-06
2.11277e+00 4.84164e+00 -3.26708e-06
2.11277e+00 4.89153e+00 -1.89986e-06
2.11277e+00 4.93216e+00 -1.20603e-06
2.11277e+00 4.96339e+00 -8.43781e-07
2.11277e+00 4.98508e+00 -6.55618e-07
2.11277e+00 4.99717e+00 -5.68801e-07
2.26706e+00 2.83399e-03 -4.95203e-07
2.26706e+00 1.49201e-02 -1.37254e-05
2.26706e+00 3.66148e-02 -8.26551e-05
2.26706e+00 6.78390e-02 -2.83688e-04
2.26706e+00 1.08473e-01 -7.25030e-04
2.26706e+00 1.58358e-01 -1.54413e-03
2.26706e+00 2.17304e-01 -2.90401e-03
2.26706e+00 2.85080e-01 -4.98806e-03
2.26706e+00 3.61426e-01 -7.99270e-03
2.26706e+00 4.46045e-01 -1.21167e-02
2.26706e+00 5.38610e-01 -1.75455e-02
2.26706e+00 6.38764e-01 -2.44269e-02
2.26706e+00 7.46119e-01 -3.28365e-02
2.26706e+00 8.60259e-01 -4.27262e-02
2.26706e+00 9.80743e-01 -5.38564e-02
2.26706e+00 1.10710e+00 -6.57135e-02
2.26706e+00 1.23885e+00 -7.74267e-02
2.26706e+00 1.37548e+00 -8.77211e-02
2.26706e+00 1.51646e+00 -9.49725e-02
2.26706e+00 1.66125e+00 -9.74765e-02
2.26706e+00 1.80928e+00 -9.40711e-02
2.26706e+00 1.95998e+00 -8.52153e-02
2.26706e+00 2.11277e+00 -7.43172e-02
2.26706e+00 2.26706e+00 -6.82015e-02
2.26706e+00 2.42225e+00 -7.43337e-02
2.26706e+00 2.57775e+00 -9.36168e-02
2.26706e+00 2.73294e+00 -1.14602e-01
2.26706e+00 2.88723e+00 -1.20147e-01
2.26706e+00 3.04002e+00 -1.04272e-01
2.26706e+00 3.19072e+00 -7.70856e-02
2.26706e+00 3.33875e+00 -5.10917e-02
2.26706e+00 3.48354e+00 -3.14231e-02
2.26706e+00 3.62452e+00 -1.81464e-02
2.26706e+00 3.76115e+00 -9.88423e-03
2.26706e+00 3.89290e+00 -5.10360e-03
2.26706e+00 4.01926e+00 -2.51455e-03
2.26706e+00 4.13974e+00 -1.19200e-03
2.26706e+00 4.25388e+00 -5.49024e-04
2.26706e+00 4.36124e+00 -2.48468e-04
2.26706e+00 4.46139e+00 -1.11867e-04
2.26706e+00 4.55396e+00 -5.07773e-05
2.26706e+00 4.63857e+00 -2.35624e-05
2.26706e+00 4.71492e+00 -1.13370e-05
2.26706e+00 4.78270e+00 -5.73587e-06
2.26706e+00 4.84164e+00 -3.09295e-06
2.26706e+00 4.89153e+00 -1.79999e-06
2.26706e+00 4.93216e+00 -1.14334e-06
2.26706e+00 4.96339e+00 -8.00294e-07
2.26706e+00 4.98508e+00 -6.22026e-07
2.26706e+00 4.99717e+00 -5.39752e-07
2.42225e+00 2.83399e-03 -5.07565e-07
2.42225e+00 1.49201e-02 -1.40681e-05
2.42225e+00 3.66148e-02 -8.47207e-05
2.42225e+00 6.78390e-02 -2.90797e-04
2.42225e+00 1.08473e-01 -7.43309e-04
2.42225e+00 1.58358e-01 -1.58350e-03
2.42225e+00 2.17304e-01 -2.97944e-03
2.42225e+00 2.85080e-01 -5.12140e-03
2.42225e+00 3.61426e-01 -8.21545e-03
2.42225e+00 4.46045e-01 -1.24745e-02
2.42225e+00 5.38610e-01 -1.81050e-02
2.42225e+00 6.38764e-01 -2.52874e-02
2.42225e+00 7.46119e-01 -3.41464e-02
2.42225e+00 8.60259e-01 -4.47090e-02
2.42225e+00 9.80743e-01 -5.68469e-02
2.42225e+00 1.10710e+00 -7.02053e-02
2.42225e+00 1.23885e+00 -8.41280e-02
2.42225e+00 1.37548e+00 -9.76042e-02
2.42225e+00 1.51646e+00 -1.09285e-01
2.42225e+00 1.66125e+00 -1.17643e-01
2.42225e+00 1.80928e+00 -1.21371e-01
2.42225e+00 1.95998e+00 -1.20068e-01
2.42225e+00 2.11277e+00 -1.15079e-01
2.42225e+00 2.26706e+00 -1.09918e-01
2.42225e+00 2.42225e+00 -1.08982e-01
2.42225e+00 2.57775e+00 -1.13602e-01
2.42225e+00 2.73294e+00 -1.18033e-01
2.42225e+00 2.88723e+00 -1.12505e-01
2.42225e+00 3.04002e+00 -9.36640e-02
2.42225e+00 3.19072e+00 -6.84218e-02
2.42225e+00 3.33875e+00 -4.53373e-02
2.42225e+00 3.48354e+00 -2.79505e-02
2.42225e+00 3.62452e+00 -1.61829e-02
2.42225e+00 3.76115e+00 -8.83671e-03
2.42225e+00 3.89290e+00 -4.57349e-03
2.42225e+00 4.01926e+00 -2.25834e-03
2.42225e+00 4.13974e+00 -1.07275e-03
2.42225e+00 4.25388e+00 -4.95032e-04
2.42225e+00 4.36124e+00 -2.24419e-04
2.42225e+00 4.46139e+00 -1.01197e-04
2.42225e+00 4.55396e+00 -4.59981e-05
2.42225e+00 4.63857e+00 -2.13710e-05
2.42225e+00 4.71492e+00 -1.02937e-05
2.42225e+00 4.78270e+00 -5.21285e-06
2.42225e+00 4.84164e+00 -2.81313e-06
2.42225e+00 4.89153e+00 -1.63821e-06
2.42225e+00 4.93216e+00 -1.04111e-06
2.42225e+00 4.96339e+00 -7.29019e-07
2.42225e+00 4.98508e+00 -5.66779e-07
2.42225e+00 4.99717e+00 -4.91885e-07
2.57775e+00 2.83399e-03 -4.91423e-07
2.57775e+00 1.49201e-02 -1.36207e-05
2.57775e+00 3.66148e-02 -8.20278e-05
2.57775e+00 6.78390e-02 -2.81565e-04
2.57775e+00 1.08473e-01 -7.19775e-04
2.57775e+00 1.58358e-01 -1.53362e-03
2.57775e+00 2.17304e-01 -2.88640e-03
2.57775e+00 2.85080e-01 -4.96366e-03
2.57775e+00 3.61426e-01 -7.96774e-03
2.57775e+00 4.46045e-01 -1.21102e-02
2.57775e+00 5.38610e-01 -1.76010e-02
2.57775e+00 6.38764e-01 -2.46320e-02
2.57775e+00 7.46119e-01 -3.33536e-02
2.57775e+00 8.60259e-01 -4.38395e-02
2.57775e+00 9.80743e-01 -5.60393e-02
2.57775e+00 1.10710e+00 -6.97183e-02
2.57775e+00 1.23885e+00 -8.43915e-02
2.57775e+00 1.37548e+00 -9.92674e-02
2.57775e+00 1.51646e+00 -1.13237e-01
2.57775e+00 1.66125e+00 -1.24954e-01
2.57775e+00 1.80928e+00 -1.33074e-01
2.57775e+00 1.95998e+00 -1.36676e-01
2.57775e+00 2.11277e+00 -1.35800e-01
2.57775e+00 2.26706e+00 -1.31768e-01
2.57775e+00 2.42225e+00 -1.26674e-01
2.57775e+00 2.57775e+00 -1.21551e-01
2.57775e+00 2.73294e+00 -1.14338e-01
2.57775e+00 2.88723e+00 -1.01048e-01
2.57775e+00 3.04002e+00 -8.08779e-02
2.57775e+00 3.19072e+00 -5.83316e-02
2.57775e+00 3.33875e+00 -3.86153e-02
2.57775e+00 3.48354e+00 -2.38517e-02
2.57775e+00 3.62452e+00 -1.38396e-02
2.57775e+00 3.76115e+00 -7.57288e-03
2.57775e+00 3.89290e+00 -3.92710e-03
2.57775e+00 4.01926e+00 -1.94274e-03
2.57775e+00 4.13974e+00 -9.24416e-04
2.57775e+00 4.25388e+00 -4.27253e-04
2.57775e+00 4.36124e+00 -1.93971e-04
2.57775e+00 4.46139e+00 -8.75803e-05
2.57775e+00 4.55396e+00 -3.98549e-05
2.57775e+00 4.63857e+00 -1.85358e-05
2.57775e+00 4.71492e+00 -8.93608e-06
2.57775e+00 4.78270e+00 -4.52880e-06
2.57775e+00 4.84164e+00 -2.44557e-06
2.57775e+00 4.89153e+00 -1.42492e-06
2.57775e+00 4.93216e+00 -9.05949e-07
2.57775e+00 4.96339e+00 -6.34580e-07
2.57775e+00 4.98508e+00 -4.93465e-07
2.57775e+00 4.99717e+00 -4.28311e-07
2.73294e+00 2.83399e-03 -4.42346e-07
2.73294e+00 1.49201e-02 -1.22605e-05
2.73294e+00 3.66148e-02 -7.38365e-05
2.73294e+00 6.78390e-02 -2.53454e-04
2.73294e+00 1.08473e-01 -6.47946e-04
2.73294e+00 1.58358e-01 -1.38071e-03
2.73294e+00 2.17304e-01 -2.59902e-03
2.73294e+00 2.85080e-01 -4.47061e-03
2.73294e+00 3.61426e-01 -7.17909e-03
2.73294e+00 4.46045e-01 -1.09178e-02
2.73294e+00 5.38610e-01 -1.58810e-02
2.73294e+00 6.38764e-01 -2.22511e-02
2.73294e+00 7.46119e-01 -3.01794e-02
2.73294e+00 8.60259e-01 -3.97589e-02
2.73294e+00 9.80743e-01 -5.09856e-02
2.73294e+00 1.10710e+00 -6.37098e-02
2.73294e+00 1.23885e+00 -7.75796e-02
2.73294e+00 1.37548e+00 -9.19880e-02
2.73294e+00 1.51646e+00 -1.06045e-01
2.73294e+00 1.66125e+00 -1.18608e-01
2.73294e+00 1.80928e+00 -1.28408e-01
2.73294e+00 1.95998e+00 -1.34304e-01
2.73294e+00 2.11277e+00 -1.35623e-01
2.73294e+00 2.26706e+00 -1.32437e-01
2.73294e+00 2.42225e+00 -1.25485e-01
2.73294e+00 2.57775e+00 -1.15515e-01
2.73294e+00 2.73294e+00 -1.02481e-01
2.73294e+00 2.88723e+00 -8.58843e-02
2.73294e+00 3.04002e+00 -6.65926e-02
2.73294e+00 3.19072e+00 -4.74894e-02
2.73294e+00 3.33875e+00 -3.14042e-02
2.73294e+00 3.48354e+00 -1.94269e-02
2.73294e+00 3.62452e+00 -1.12920e-02
2.73294e+00 3.76115e+00 -6.18935e-03
2.73294e+00 3.89290e+00 -3.21481e-03
2.73294e+00 4.01926e+00 -1.59278e-03
2.73294e+00 4.13974e+00 -7.58957e-04
2.73294e+00 4.25388e+00 -3.51234e-04
2.73294e+00 4.36124e+00 -1.59646e-04
2.73294e+00 4.46139e+00 -7.21591e-05
2.73294e+00 4.55396e+00 -3.28684e-05
2.73294e+00 4.63857e+00 -1.52993e-05
2.73294e+00 4.71492e+00 -7.38120e-06
2.73294e+00 4.78270e+00 -3.74315e-06
2.73294e+00 4.84164e+00 -2.02239e-06
2.73294e+00 4.89153e+00 -1.17887e-06
2.73294e+00 4.93216e+00 -7.49774e-07
2.73294e+00 4.96339e+00 -5.25324e-07
2.73294e+00 4.98508e+00 -4.08579e-07
2.73294e+00 4.99717e+00 -3.54668e-07
2.88723e+00 2.83399e-03 -3.64515e-07
2.88723e+00 1.49201e-02 -1.01032e-05
2.88723e+00 3.66148e-02 -6.08453e-05
2.88723e+00 6.78390e-02 -2.08862e-04
2.88723e+00 1.08473e-01 -5.33963e-04
2.88723e+00 1.58358e-01 -1.13788e-03
2.88723e+00 2.17304e-01 -2.14212e-03
2.88723e+00 2.85080e-01 -3.68520e-03
2.88723e+00 3.61426e-01 -5.91909e-03
2.88723e+00 4.46045e-01 -9.00443e-03
2.88723e+00 5.38610e-01 -1.31037e-02
2.88723e+00 6.38764e-01 -1.83717e-02
2.88723e+00 7.46119e-01 -2.49404e-02
2.88723e+00 8.60259e-01 -3.28987e-02
2.88723e+00 9.80743e-01 -4.22626e-02
2.88723e+00 1.10710e+00 -5.29372e-02
2.88723e+00 1.23885e+00 -6.46718e-02
2.88723e+00 1.37548e+00 -7.70145e-02
2.88723e+00 1.51646e+00 -8.92809e-02
2.88723e+00 1.66125e+00 -1.00558e-01
2.88723e+00 1.80928e+00 -1.09767e-01
2.88723e+00 1.95998e+00 -1.15817e-01
2.88723e+00 2.11277e+00 -1.17818e-01
2.88723e+00 2.26706e+00 -1.15326e-01
2.88723e+00 2.42225e+00 -1.08459e-01
2.88723e+00 2.57775e+00 -9.77840e-02
2.88723e+00 2.73294e+00 -8.40764e-02
2.88723e+00 2.88723e+00 -6.82944e-02
2.88723e+00 3.04002e+00 -5.18882e-02
2.88723e+00 3.19072e+00 -3.67241e-02
2.88723e+00 3.33875e+00 -2.42704e-02
2.88723e+00 3.48354e+00 -1.50322e-02
2.88723e+00 3.62452e+00 -8.74980e-03
2.88723e+00 3.76115e+00 -4.80244e-03
2.88723e+00 3.89290e+00 -2.49765e-03
2.88723e+00 4.01926e+00 -1.23897e-03
2.88723e+00 4.13974e+00 -5.91035e-04
2.88723e+00 4.25388e+00 -2.73807e-04
2.88723e+00 4.36124e+00 -1.24572e-04
2.88723e+00 4.46139e+00 -5.63542e-05
2.88723e+00 4.55396e+00 -2.56891e-05
2.88723e+00 4.63857e+00 -1.19657e-05
2.88723e+00 4.71492e+00 -5.77629e-06
2.88723e+00 4.78270e+00 -2.93076e-06
2.88723e+00 4.84164e+00 -1.58414e-06
2.88723e+00 4.89153e+00 -9.23741e-07
2.88723e+00 4.93216e+00 -5.87674e-07
2.88723e+00 4.96339e+00 -4.11837e-07
2.88723e+00 4.98508e+00 -3.20360e-07
2.88723e+00 4.99717e+00 -2.78111e-07
3.04002e+00 2.83399e-03 -2.73991e-07
3.04002e+00 1.49201e-02 -7.59418e-06
3.04002e+00 3.66148e-02 -4.57350e-05
3.04002e+00 6.78390e-02 -1.56994e-04
3.04002e+00 1.08473e-01 -4.01367e-04
3.04002e+00 1.58358e-01 -8.55339e-04
3.04002e+00 2.17304e-01 -1.61029e-03
3.04002e+00 2.85080e-01 -2.77047e-03
3.04002e+00 3.61426e-01 -4.45035e-03
3.04002e+00 4.46045e-01 -6.77117e-03
3.04002e+00 5.38610e-01 -9.85602e-03
3.04002e+00 6.38764e-01 -1.38227e-02
3.04002e+00 7.46119e-01 -1.87734e-02
3.04002e+00 8.60259e-01 -2.47792e-02
3.04002e+00 9.80743e-01 -3.18591e-02
3.04002e+00 1.10710e+00 -3.99518e-02
3.04002e+00 1.23885e+00 -4.88826e-02
3.04002e+00 1.37548e+00 -5.83287e-02
3.04002e+00 1.51646e+00 -6.77921e-02
3.04002e+00 1.66125e+00 -7.65950e-02
3.04002e+00 1.80928e+00 -8.39147e-02
3.04002e+00 1.95998e+00 -8.88742e-02
3.04002e+00 2.11277e+00 -9.06909e-02
3.04002e+00 2.26706e+00 -8.88583e-02
3.04002e+00 2.42225e+00 -8.33036e-02
3.04002e+00 2.57775e+00 -7.44500e-02
3.04002e+00 2.73294e+00 -6.31564e-02
3.04002e+00 2.88723e+00 -5.05912e-02
3.04002e+00 3.04002e+00 -3.80809e-02
3.04002e+00 3.19072e+00 -2.68617e-02
3.04002e+00 3.33875e+00 -1.77539e-02
3.04002e+00 3.48354e+00 -1.10071e-02
3.04002e+00 3.62452e+00 -6.41390e-03
3.04002e+00 3.76115e+00 -3.52408e-03
3.04002e+00 3.89290e+00 -1.83466e-03
3.04002e+00 4.01926e+00 -9.10959e-04
3.04002e+00 4.13974e+00 -4.34951e-04
3.04002e+00 4.25388e+00 -2.01665e-04
3.04002e+00 4.36124e+00 -9.18196e-05
3.04002e+00 4.46139e+00 -4.15659e-05
3.04002e+00 4.55396e+00 -1.89594e-05
3.04002e+00 4.63857e+00 -8.83585e-06
3.04002e+00 4.71492e+00 -4.26742e-06
3.04002e+00 4.78270e+00 -2.16608e-06
3.04002e+00 4.84164e+00 -1.17122e-06
3.04002e+00 4.89153e+00 -6.83149e-07
3.04002e+00 4.93216e+00 -4.34710e-07
3.04002e+00 4.96339e+00 -3.04693e-07
3.04002e+00 4.98508e+00 -2.37042e-07
3.04002e+00 4.99717e+00 -2.05795e-07
3.19072e+00 2.83399e-03 -1.89827e-07
3.19072e+00 1.49201e-02 -5.26143e-06
3.19072e+00 3.66148e-02 -3.16863e-05
3.19072e+00 6.78390e-02 -1.08770e-04
3.19072e+00 1.08473e-01 -2.78080e-04
3.19072e+00 1.58358e-01 -5.92615e-04
3.19072e+00 2.17304e-01 -1.11570e-03
3.19072e+00 2.85080e-01 -1.91961e-03
3.19072e+00 3.61426e-01 -3.08374e-03
3.19072e+00 4.46045e-01 -4.69224e-03
3.19072e+00 5.38610e-01 -6.83069e-03
3.19072e+00 6.38764e-01 -9.58123e-03
3.19072e+00 7.46119e-01 -1.30154e-02
3.19072e+00 8.60259e-01 -1.71838e-02
3.19072e+00 9.80743e-01 -2.21014e-02
3.19072e+00 1.10710e+00 -2.77285e-02
3.19072e+00 1.23885e+00 -3.39476e-02
3.19072e+00 1.37548e+00 -4.05390e-02
3.19072e+00 1.51646e+00 -4.71616e-02
3.19072e+00 1.66125e+00 -5.33477e-02
3.19072e+00 1.80928e+00 -5.85236e-02
3.19072e+00 1.95998e+00 -6.20683e-02
3.19072e+00 2.11277e+00 -6.34121e-02
3.19072e+00 2.26706e+00 -6.21645e-02
3.19072e+00 2.42225e+00 -5.82386e-02
3.19072e+00 2.57775e+00 -5.19263e-02
3.19072e+00 2.73294e+00 -4.38830e-02
3.19072e+00 2.88723e+00 -3.50145e-02
3.19072e+00 3.04002e+00 -2.62903e-02
3.19072e+00 3.19072e+00 -1.85337e-02
3.19072e+00 3.33875e+00 -1.22557e-02
3.19072e+00 3.48354e+00 -7.60444e-03
3.19072e+00 3.62452e+00 -4.43480e-03
3.19072e+00 3.76115e+00 -2.43864e-03
3.19072e+00 3.89290e+00 -1.27056e-03
3.19072e+00 4.01926e+00 -6.31329e-04
3.19072e+00 4.13974e+00 -3.01646e-04
3.19072e+00 4.25388e+00 -1.39948e-04
3.19072e+00 4.36124e+00 -6.37566e-05
3.19072e+00 4.46139e+00 -2.88774e-05
3.19072e+00 4.55396e+00 -1.31781e-05
3.19072e+00 4.63857e+00 -6.14415e-06
3.19072e+00 4.71492e+00 -2.96852e-06
3.19072e+00 4.78270e+00 -1.50725e-06
3.19072e+00 4.84164e+00 -8.15204e-07
3.19072e+00 4.89153e+00 -4.75599e-07
3.19072e+00 4.93216e+00 -3.02693e-07
3.19072e+00 4.96339e+00 -2.12189e-07
3.19072e+00 4.98508e+00 -1.65092e-07
3.19072e+00 4.99717e+00 -1.43336e-07
3.33875e+00 2.83399e-03 -1.22922e-07
3.33875e+00 1.49201e-02 -3.40703e-06
3.33875e+00 3.66148e-02 -2.05184e-05
3.33875e+00 6.78390e-02 -7.04341e-05
3.33875e+00 1.08473e-01 -1.80072e-04
3.33875e+00 1.58358e-01 -3.83752e-04
3.33875e+00 2.17304e-01 -7.22491e-04
3.33875e+00 2.85080e-01 -1.24310e-03
3.33875e+00 3.61426e-01 -1.99702e-03
3.33875e+00 4.46045e-01 -3.03880e-03
3.33875e+00 5.38610e-01 -4.42395e-03
3.33875e+00 6.38764e-01 -6.20581e-03
3.33875e+00 7.46119e-01 -8.43094e-03
3.33875e+00 8.60259e-01 -1.11324e-02
3.33875e+00 9.80743e-01 -1.43204e-02
3.33875e+00 1.10710e+00 -1.79699e-02
3.33875e+00 1.23885e+00 -2.20054e-02
3.33875e+00 1.37548e+00 -2.62856e-02
3.33875e+00 1.51646e+00 -3.05902e-02
3.33875e+00 1.66125e+00 -3.46165e-02
3.33875e+00 1.80928e+00 -3.79925e-02
3.33875e+00 1.95998e+00 -4.03134e-02
3.33875e+00 2.11277e+00 -4.12060e-02
3.33875e+00 2.26706e+00 -4.04109e-02
3.33875e+00 2.42225e+00 -3.78660e-02
3.33875e+00 2.57775e+00 -3.37588e-02
3.33875e+00 2.73294e+00 -2.85205e-02
3.33875e+00 2.88723e+00 -2.27495e-02
3.33875e+00 3.04002e+00 -1.70807e-02
3.33875e+00 3.19072e+00 -1.20452e-02
3.33875e+00 3.33875e+00 -7.96941e-03
3.33875e+00 3.48354e+00 -4.94786e-03
3.33875e+00 3.62452e+00 -2.88727e-03
3.33875e+00 3.76115e+00 -1.58861e-03
3.33875e+00 3.89290e+00 -8.28161e-04
3.33875e+00 4.01926e+00 -4.11733e-04
3.33875e+00 4.13974e+00 -1.96826e-04
3.33875e+00 4.25388e+00 -9.13611e-05
3.33875e+00 4.36124e+00 -4.16403e-05
3.33875e+00 4.46139e+00 -1.88679e-05
3.33875e+00 4.55396e+00 -8.61346e-06
3.33875e+00 4.63857e+00 -4.01722e-06
3.33875e+00 4.71492e+00 -1.94146e-06
3.33875e+00 4.78270e+00 -9.86008e-07
3.33875e+00 4.84164e+00 -5.33397e-07
3.33875e+00 4.89153e+00 -3.11243e-07
3.33875e+00 4.93216e+00 -1.98116e-07
3.33875e+00 4.96339e+00 -1.38894e-07
3.33875e+00 4.98508e+00 -1.08073e-07
3.33875e+00 4.99717e+00 -9.38349e-08
3.48354e+00 2.83399e-03 -7.49510e-08
3.48354e+00 1.49201e-02 -2.07741e-06
3.48354e+00 3.66148e-02 -1.25110e-05
3.48354e+00 6.78390e-02 -4.29467e-05
3.48354e+00 1.08473e-01 -1.09798e-04
3.48354e+00 1.58358e-01 -2.33992e-04
3.48354e+00 2.17304e-01 -4.40540e-04
3.48354e+00 2.85080e-01 -7.57989e-04
3.48354e+00 3.61426e-01 -1.21772e-03
3.48354e+00 4.46045e-01 -1.85301e-03
3.48354e+00 5.38610e-01 -2.69772e-03
3.48354e+00 6.38764e-01 -3.78444e-03
3.48354e+00 7.46119e-01 -5.14163e-03
3.48354e+00 8.60259e-01 -6.78955e-03
3.48354e+00 9.80743e-01 -8.73456e-03
3.48354e+00 1.10710e+00 -1.09615e-02
3.48354e+00 1.23885e+00 -1.34246e-02
3.48354e+00 1.37548e+00 -1.60378e-02
3.48354e+00 1.51646e+00 -1.86671e-02
3.48354e+00 1.66125e+00 -2.11278e-02
3.48354e+00 1.80928e+00 -2.31929e-02
3.48354e+00 1.95998e+00 -2.46153e-02
3.48354e+00 2.11277e+00 -2.51664e-02
3.48354e+00 2.26706e+00 -2.46873e-02
3.48354e+00 2.42225e+00 -2.31387e-02
3.48354e+00 2.57775e+00 -2.06343e-02
3.48354e+00 2.73294e+00 -1.74371e-02
3.48354e+00 2.88723e+00 -1.39127e-02
3.48354e+00 3.04002e+00 -1.04494e-02
3.48354e+00 3.19072e+00 -7.37164e-03
3.48354e+00 3.33875e+00 -4.87925e-03
3.48354e+00 3.48354e+00 -3.03059e-03
3.48354e+00 3.62452e+00 -1.76922e-03
3.48354e+00 3.76115e+00 -9.73860e-04
3.48354e+00 3.89290e+00 -5.07893e-04
3.48354e+00 4.01926e+00 -2.52607e-04
3.48354e+00 4.13974e+00 -1.20803e-04
3.48354e+00 4.25388e+00 -5.60931e-05
3.48354e+00 4.36124e+00 -2.55744e-05
3.48354e+00 4.46139e+00 -1.15916e-05
3.48354e+00 4.55396e+00 -5.29318e-06
3.48354e+00 4.63857e+00 -2.46928e-06
3.48354e+00 4.71492e+00 -1.19361e-06
3.48354e+00 4.78270e+00 -6.06311e-07
3.48354e+00 4.84164e+00 -3.28045e-07
3.48354e+00 4.89153e+00 -1.91442e-07
3.48354e+00 4.93216e+00 -1.21871e-07
3.48354e+00 4.96339e+00 -8.54477e-08
3.48354e+00 4.98508e+00 -6.64899e-08
3.48354e+00 4.99717e+00 -5.77318e-08
3.62452e+00 2.83399e-03 -4.31416e-08
3.62452e+00 1.49201e-02 -1.19575e-06
3.62452e+00 3.66148e-02 -7.20129e-06
3.62452e+00 6.78390e-02 -2.47200e-05
3.62452e+00 1.08473e-01 -6.31994e-05
3.62452e+00 1.58358e-01 -1.34686e-04
3.62452e+00 2.17304e-01 -2.53576e-04
3.62452e+00 2.85080e-01 -4.36302e-04
3.62452e+00 3.61426e-01 -7.00929e-04
3.62452e+00 4.46045e-01 -1.06662e-03
3.62452e+00 5.38610e-01 -1.55287e-03
3.62452e+00 6.38764e-01 -2.17845e-03
3.62452e+00 7.46119e-01 -2.95977e-03
3.62452e+00 8.60259e-01 -3.90850e-03
3.62452e+00 9.80743e-01 -5.02836e-03
3.62452e+00 1.10710e+00 -6.31066e-03
3.62452e+00 1.23885e+00 -7.72911e-03
3.62452e+00 1.37548e+00 -9.23426e-03
3.62452e+00 1.51646e+00 -1.07489e-02
3.62452e+00 1.66125e+00 -1.21669e-02
3.62452e+00 1.80928e+00 -1.33576e-02
3.62452e+00 1.95998e+00 -1.41784e-02
3.62452e+00 2.11277e+00 -1.44978e-02
3.62452e+00 2.26706e+00 -1.42239e-02
3.62452e+00 2.42225e+00 -1.33339e-02
3.62452e+00 2.57775e+00 -1.18929e-02
3.62452e+00 2.73294e+00 -1.00522e-02
3.62452e+00 2.88723e+00 -8.02225e-03
3.62452e+00 3.04002e+00 -6.02668e-03
3.62452e+00 3.19072e+00 -4.25268e-03
3.62452e+00 3.33875e+00 -2.81558e-03
3.62452e+00 3.48354e+00 -1.74929e-03
3.62452e+00 3.62452e+00 -1.02150e-03
3.62452e+00 3.76115e+00 -5.62442e-04
3.62452e+00 3.89290e+00 -2.93411e-04
3.62452e+00 4.01926e+00 -1.45971e-04
3.62452e+00 4.13974e+00 -6.98254e-05
3.62452e+00 4.25388e+00 -3.24306e-05
3.62452e+00 4.36124e+00 -1.47894e-05
3.62452e+00 4.46139e+00 -6.70477e-06
3.62452e+00 4.55396e+00 -3.06224e-06
3.62452e+00 4.63857e+00 -1.42879e-06
3.62452e+00 4.71492e+00 -6.90761e-07
3.62452e+00 4.78270e+00 -3.50928e-07
3.62452e+00 4.84164e+00 -1.89891e-07
3.62452e+00 4.89153e+00 -1.10828e-07
3.62452e+00 4.93216e+00 -7.05577e-08
3.62452e+00 4.96339e+00 -4.94729e-08
3.62452e+00 4.98508e+00 -3.84981e-08
3.62452e+00 4.99717e+00 -3.34278e-08
3.76115e+00 2.83399e-03 -2.34985e-08
3.76115e+00 1.49201e-02 -6.51307e-07
3.76115e+00 3.66148e-02 -3.92242e-06
3.76115e+00 6.78390e-02 -1.34646e-05
3.76115e+00 1.08473e-01 -3.44237e-05
3.76115e+00 1.58358e-01 -7.33611e-05
3.76115e+00 2.17304e-01 -1.38119e-04
3.76115e+00 2.85080e-01 -2.37647e-04
3.76115e+00 3.61426e-01 -3.81786e-04
3.76115e+00 4.46045e-01 -5.80973e-04
3.76115e+00 5.38610e-01 -8.45833e-04
3.76115e+00 6.38764e-01 -1.18659e-03
3.76115e+00 7.46119e-01 -1.61217e-03
3.76115e+00 8.60259e-01 -2.12896e-03
3.76115e+00 9.80743e-01 -2.73898e-03
3.76115e+00 1.10710e+00 -3.43750e-03
3.76115e+00 1.23885e+00 -4.21022e-03
3.76115e+00 1.37548e+00 -5.03022e-03
3.76115e+00 1.51646e+00 -5.85547e-03
3.76115e+00 1.66125e+00 -6.62815e-03
3.76115e+00 1.80928e+00 -7.27705e-03
3.76115e+00 1.95998e+00 -7.72462e-03
3.76115e+00 2.11277e+00 -7.89910e-03
3.76115e+00 2.26706e+00 -7.75040e-03
3.76115e+00 2.42225e+00 -7.26604e-03
3.76115e+00 2.57775e+00 -6.48142e-03
3.76115e+00 2.73294e+00 -5.47885e-03
3.76115e+00 2.88723e+00 -4.37296e-03
3.76115e+00 3.04002e+00 -3.28560e-03
3.76115e+00 3.19072e+00 -2.31879e-03
3.76115e+00 3.33875e+00 -1.53545e-03
3.76115e+00 3.48354e+00 -9.54119e-04
3.76115e+00 3.62452e+00 -5.57257e-04
3.76115e+00 3.76115e+00 -3.06881e-04
3.76115e+00 3.89290e+00 -1.60120e-04
3.76115e+00 4.01926e+00 -7.96735e-05
3.76115e+00 4.13974e+00 -3.81184e-05
3.76115e+00 4.25388e+00 -1.77071e-05
3.76115e+00 4.36124e+00 -8.07627e-06
3.76115e+00 4.46139e+00 -3.66190e-06
3.76115e+00 4.55396e+00 -1.67270e-06
3.76115e+00 4.63857e+00 -7.80546e-07
3.76115e+00 4.71492e+00 -3.77402e-07
3.76115e+00 4.78270e+00 -1.91749e-07
3.76115e+00 4.84164e+00 -1.03765e-07
3.76115e+00 4.89153e+00 -6.05654e-08
3.76115e+00 4.93216e+00 -3.85605e-08
3.76115e+00 4.96339e+00 -2.70385e-08
3.76115e+00 4.98508e+00 -2.10410e-08
3.76115e+00 4.99717e+00 -1.82701e-08
3.89290e+00 2.83399e-03 -1.21610e-08
3.89290e+00 1.49201e-02 -3.37066e-07
3.89290e+00 3.66148e-02 -2.02994e-06
3.89290e+00 6.78390e-02 -6.96822e-06
3.89290e+00 1.08473e-01 -1.78150e-05
3.89290e+00 1.58358e-01 -3.79659e-05
3.89290e+00 2.17304e-01 -7.14793e-05
3.89290e+00 2.85080e-01 -1.22987e-04
3.89290e+00 3.61426e-01 -1.97582e-04
3.89290e+00 4.46045e-01 -3.00664e-04
3.89290e+00 5.38610e-01 -4.37732e-04
3.89290e+00 6.38764e-01 -6.14074e-04
3.89290e+00 7.46119e-01 -8.34315e-04
3.89290e+00 8.60259e-01 -1.10175e-03
3.89290e+00 9.80743e-01 -1.41743e-03
3.89290e+00 1.10710e+00 -1.77890e-03
3.89290e+00 1.23885e+00 -2.17877e-03
3.89290e+00 1.37548e+00 -2.60309e-03
3.89290e+00 1.51646e+00 -3.03013e-03
3.89290e+00 1.66125e+00 -3.42996e-03
3.89290e+00 1.80928e+00 -3.76575e-03
3.89290e+00 1.95998e+00 -3.99736e-03
3.89290e+00 2.11277e+00 -4.08767e-03
3.89290e+00 2.26706e+00 -4.01076e-03
3.89290e+00 2.42225e+00 -3.76018e-03
3.89290e+00 2.57775e+00 -3.35423e-03
3.89290e+00 2.73294e+00 -2.83548e-03
3.89290e+00 2.88723e+00 -2.26325e-03
3.89290e+00 3.04002e+00 -1.70057e-03
3.89290e+00 3.19072e+00 -1.20025e-03
3.89290e+00 3.33875e+00 -7.94833e-04
3.89290e+00 3.48354e+00 -4.93945e-04
3.89290e+00 3.62452e+00 -2.88516e-04
3.89290e+00 3.76115e+00 -1.58901e-04
3.89290e+00 3.89290e+00 -8.29173e-05
3.89290e+00 4.01926e+00 -4.12627e-05
3.89290e+00 4.13974e+00 -1.97434e-05
3.89290e+00 4.25388e+00 -9.17229e-06
3.89290e+00 4.36124e+00 -4.18391e-06
3.89290e+00 4.46139e+00 -1.89721e-06
3.89290e+00 4.55396e+00 -8.66691e-07
3.89290e+00 4.63857e+00 -4.04461e-07
3.89290e+00 4.71492e+00 -1.95573e-07
3.89290e+00 4.78270e+00 -9.93719e-08
3.89290e+00 4.84164e+00 -5.37780e-08
3.89290e+00 4.89153e+00 -3.13902e-08
3.89290e+00 4.93216e+00 -1.99860e-08
3.89290e+00 4.96339e+00 -1.40145e-08
3.89290e+00 4.98508e+00 -1.09060e-08
3.89290e+00 4.99717e+00 -9.46992e-09
4.01926e+00 2.83399e-03 -6.01504e-09
4.01926e+00 1.49201e-02 -1.66719e-07
4.01926e+00 3.66148e-02 -1.00404e-06
4.01926e+00 6.78390e-02 -3.44660e-06
4.01926e+00 1.08473e-01 -8.81161e-06
4.01926e+00 1.58358e-01 -1.87786e-05
4.01926e+00 2.17304e-01 -3.53548e-05
4.01926e+00 2.85080e-01 -6.08311e-05
4.01926e+00 3.61426e-01 -9.77261e-05
4.01926e+00 4.46045e-01 -1.48711e-04
4.01926e+00 5.38610e-01 -2.16504e-04
4.01926e+00 6.38764e-01 -3.03720e-04
4.01926e+00 7.46119e-01 -4.12645e-04
4.01926e+00 8.60259e-01 -5.44908e-04
4.01926e+00 9.80743e-01 -7.01022e-04
4.01926e+00 1.10710e+00 -8.79777e-04
4.01926e+00 1.23885e+00 -1.07751e-03
4.01926e+00 1.37548e+00 -1.28732e-03
4.01926e+00 1.51646e+00 -1.49846e-03
4.01926e+00 1.66125e+00 -1.69614e-03
4.01926e+00 1.80928e+00 -1.86212e-03
4.01926e+00 1.95998e+00 -1.97659e-03
4.01926e+00 2.11277e+00 -2.02119e-03
4.01926e+00 2.26706e+00 -1.98310e-03
4.01926e+00 2.42225e+00 -1.85916e-03
4.01926e+00 2.57775e+00 -1.65841e-03
4.01926e+00 2.73294e+00 -1.40191e-03
4.01926e+00 2.88723e+00 -1.11897e-03
4.01926e+00 3.04002e+00 -8.40780e-04
4.01926e+00 3.19072e+00 -5.93417e-04
4.01926e+00 3.33875e+00 -3.92981e-04
4.01926e+00 3.48354e+00 -2.44221e-04
4.01926e+00 3.62452e+00 -1.42655e-04
4.01926e+00 3.76115e+00 -7.85706e-05
4.01926e+00 3.89290e+00 -4.10011e-05
4.01926e+00 4.01926e+00 -2.04046e-05
4.01926e+00 4.13974e+00 -9.76366e-06
4.01926e+00 4.25388e+00 -4.53617e-06
4.01926e+00 4.36124e+00 -2.06926e-06
4.01926e+00 4.46139e+00 -9.38357e-07
4.01926e+00 4.55396e+00 -4.28682e-07
4.01926e+00 4.63857e+00 -2.00062e-07
4.01926e+00 4.71492e+00 -9.67415e-08
4.01926e+00 4.78270e+00 -4.91564e-08
4.01926e+00 4.84164e+00 -2.66031e-08
4.01926e+00 4.89153e+00 -1.55286e-08
4.01926e+00 4.93216e+00 -9.88717e-09
4.01926e+00 4.96339e+00 -6.93310e-09
4.01926e+00 4.98508e+00 -5.39538e-09
4.01926e+00 4.99717e+00 -4.68493e-09
4.13974e+00 2.83399e-03 -2.86540e-09
4.13974e+00 1.49201e-02 -7.94200e-08
4.13974e+00 3.66148e-02 -4.78298e-07
4.13974e+00 6.78390e-02 -1.64186e-06
4.13974e+00 1.08473e-01 -4.19759e-06
4.13974e+00 1.58358e-01 -8.94555e-06
4.13974e+00 2.17304e-01 -1.68419e-05
4.13974e+00 2.85080e-01 -2.89779e-05
4.13974e+00 3.61426e-01 -4.65532e-05
4.13974e+00 4.46045e-01 -7.08397e-05
4.13974e+00 5.38610e-01 -1.03132e-04
4.13974e+00 6.38764e-01 -1.44676e-04
4.13974e+00 7.46119e-01 -1.96558e-04
4.13974e+00 8.60259e-01 -2.59554e-04
4.13974e+00 9.80743e-01 -3.33907e-04
4.13974e+00 1.10710e+00 -4.19037e-04
4.13974e+00 1.23885e+00 -5.13198e-04
4.13974e+00 1.37548e+00 -6.13103e-04
4.13974e+00 1.51646e+00 -7.13631e-04
4.13974e+00 1.66125e+00 -8.07733e-04
4.13974e+00 1.80928e+00 -8.86734e-04
4.13974e+00 1.95998e+00 -9.41194e-04
4.13974e+00 2.11277e+00 -9.62376e-04
4.13974e+00 2.26706e+00 -9.44191e-04
4.13974e+00 2.42225e+00 -8.85130e-04
4.13974e+00 2.57775e+00 -7.89513e-04
4.13974e+00 2.73294e+00 -6.67369e-04
4.13974e+00 2.88723e+00 -5.32657e-04
4.13974e+00 3.04002e+00 -4.00214e-04
4.13974e+00 3.19072e+00 -2.82459e-04
4.13974e+00 3.33875e+00 -1.87049e-04
4.13974e+00 3.48354e+00 -1.16241e-04
4.13974e+00 3.62452e+00 -6.78979e-05
4.13974e+00 3.76115e+00 -3.73959e-05
4.13974e+00 3.89290e+00 -1.95146e-05
4.13974e+00 4.01926e+00 -9.71165e-06
4.13974e+00 4.13974e+00 -4.64708e-06
4.13974e+00 4.25388e+00 -2.15904e-06
4.13974e+00 4.36124e+00 -9.84899e-07
4.13974e+00 4.46139e+00 -4.46634e-07
4.13974e+00 4.55396e+00 -2.04044e-07
4.13974e+00 4.63857e+00 -9.52267e-08
4.13974e+00 4.71492e+00 -4.60483e-08
4.13974e+00 4.78270e+00 -2.33984e-08
4.13974e+00 4.84164e+00 -1.26631e-08
4.13974e+00 4.89153e+00 -7.39170e-09
4.13974e+00 4.93216e+00 -4.70638e-09
4.13974e+00 4.96339e+00 -3.30023e-09
4.13974e+00 4.98508e+00 -2.56827e-09
4.13974e+00 4.99717e+00 -2.23009e-09
4.25388e+00 2.83399e-03 -1.32701e-09
4.25388e+00 1.49201e-02 -3.67806e-08
4.25388e+00 3.66148e-02 -2.21507e-07
4.25388e+00 6.78390e-02 -7.60370e-07
4.25388e+00 1.08473e-01 -1.94396e-06
4.25388e+00 1.58358e-01 -4.14280e-06
4.25388e+00 2.17304e-01 -7.79967e-06
4.25388e+00 2.85080e-01 -1.34199e-05
4.25388e+00 3.61426e-01 -2.15590e-05
4.25388e+00 4.46045e-01 -3.28059e-05
4.25388e+00 5.38610e-01 -4.77601e-05
4.25388e+00 6.38764e-01 -6.69975e-05
4.25388e+00 7.46119e-01 -9.10216e-05
4.25388e+00 8.60259e-01 -1.20190e-04
4.25388e+00 9.80743e-01 -1.54616e-04
4.25388e+00 1.10710e+00 -1.94028e-04
4.25388e+00 1.23885e+00 -2.37618e-04
4.25388e+00 1.37548e+00 -2.83862e-04
4.25388e+00 1.51646e+00 -3.30388e-04
4.25388e+00 1.66125e+00 -3.73933e-04
4.25388e+00 1.80928e+00 -4.10480e-04
4.25388e+00 1.95998e+00 -4.35662e-04
4.25388e+00 2.11277e+00 -4.45436e-04
4.25388e+00 2.26706e+00 -4.36988e-04
4.25388e+00 2.42225e+00 -4.09624e-04
4.25388e+00 2.57775e+00 -3.65348e-04
4.25388e+00 2.73294e+00 -3.08804e-04
4.25388e+00 2.88723e+00 -2.46454e-04
4.25388e+00 3.04002e+00 -1.85162e-04
4.25388e+00 3.19072e+00 -1.30674e-04
4.25388e+00 3.33875e+00 -8.65296e-05
4.25388e+00 3.48354e+00 -5.37707e-05
4.25388e+00 3.62452e+00 -3.14069e-05
4.25388e+00 3.76115e+00 -1.72972e-05
4.25388e+00 3.89290e+00 -9.02605e-06
4.25388e+00 4.01926e+00 -4.49180e-06
4.25388e+00 4.13974e+00 -2.14931e-06
4.25388e+00 4.25388e+00 -9.98554e-07
4.25388e+00 4.36124e+00 -4.55508e-07
4.25388e+00 4.46139e+00 -2.06562e-07
4.25388e+00 4.55396e+00 -9.43671e-08
4.25388e+00 4.63857e+00 -4.40405e-08
4.25388e+00 4.71492e+00 -2.12963e-08
4.25388e+00 4.78270e+00 -1.08212e-08
4.25388e+00 4.84164e+00 -5.85638e-09
4.25388e+00 4.89153e+00 -3.41846e-09
4.25388e+00 4.93216e+00 -2.17657e-09
4.25388e+00 4.96339e+00 -1.52626e-09
4.25388e+00 4.98508e+00 -1.18775e-09
4.25388e+00 4.99717e+00 -1.03135e-09
4.36124e+00 2.83399e-03 -6.03982e-10
4.36124e+00 1.49201e-02 -1.67405e-08
4.36124e+00 3.66148e-02 -1.00818e-07
4.36124e+00 6.78390e-02 -3.46079e-07
4.36124e+00 1.08473e-01 -8.84786e-07
4.36124e+00 1.58358e-01 -1.88557e-06
4.36124e+00 2.17304e-01 -3.54997e-06
4.36124e+00 2.85080e-01 -6.10796e-06
4.36124e+00 3.61426e-01 -9.81231e-06
4.36124e+00 4.46045e-01 -1.49310e-05
4.36124e+00 5.38610e-01 -2.17368e-05
4.36124e+00 6.38764e-01 -3.04918e-05
4.36124e+00 7.46119e-01 -4.14246e-05
4.36124e+00 8.60259e-01 -5.46981e-05
4.36124e+00 9.80743e-01 -7.03624e-05
4.36124e+00 1.10710e+00 -8.82949e-05
4.36124e+00 1.23885e+00 -1.08126e-04
4.36124e+00 1.37548e+00 -1.29163e-04
4.36124e+00 1.51646e+00 -1.50324e-04
4.36124e+00 1.66125e+00 -1.70126e-04
4.36124e+00 1.80928e+00 -1.86742e-04
4.36124e+00 1.95998e+00 -1.98183e-04
4.36124e+00 2.11277e+00 -2.02614e-04
4.36124e+00 2.26706e+00 -1.98756e-04
4.36124e+00 2.42225e+00 -1.86295e-04
4.36124e+00 2.57775e+00 -1.66145e-04
4.36124e+00 2.73294e+00 -1.40419e-04
4.36124e+00 2.88723e+00 -1.12058e-04
4.36124e+00 3.04002e+00 -8.41832e-05
4.36124e+00 3.19072e+00 -5.94059e-05
4.36124e+00 3.33875e+00 -3.93345e-05
4.36124e+00 3.48354e+00 -2.44414e-05
4.36124e+00 3.62452e+00 -1.42750e-05
4.36124e+00 3.76115e+00 -7.86147e-06
4.36124e+00 3.89290e+00 -4.10207e-06
4.36124e+00 4.01926e+00 -2.04129e-06
4.36124e+00 4.13974e+00 -9.76709e-07
4.36124e+00 4.25388e+00 -4.53757e-07
4.36124e+00 4.36124e+00 -2.06983e-07
4.36124e+00 4.46139e+00 -9.38594e-08
4.36124e+00 4.55396e+00 -4.28782e-08
4.36124e+00 4.63857e+00 -2.00106e-08
4.36124e+00 4.71492e+00 -9.67619e-09
4.36124e+00 4.78270e+00 -4.91664e-09
4.36124e+00 4.84164e+00 -2.66083e-09
4.36124e+00 4.89153e+00 -1.55315e-09
4.36124e+00 4.93216e+00 -9.88901e-10
4.36124e+00 4.96339e+00 -6.93437e-10
4.36124e+00 4.98508e+00 -5.39635e-10
4.36124e+00 4.99717e+00 -4.68577e-10
4.46139e+00 2.83399e-03 -2.73471e-10
4.46139e+00 1.49201e-02 -7.57978e-09
4.46139e+00 3.66148e-02 -4.56483e-08
4.46139e+00 6.78390e-02 -1.56698e-07
4.46139e+00 1.08473e-01 -4.00612e-07
4.46139e+00 1.58358e-01 -8.53746e-07
4.46139e+00 2.17304e-01 -1.60734e-06
4.46139e+00 2.85080e-01 -2.76552e-06
4.46139e+00 3.61426e-01 -4.44273e-06
4.46139e+00 4.46045e-01 -6.76027e-06
4.46139e+00 5.38610e-01 -9.84156e-06
4.46139e+00 6.38764e-01 -1.38052e-05
4.46139e+00 7.46119e-01 -1.87546e-05
4.46139e+00 8.60259e-01 -2.47634e-05
4.46139e+00 9.80743e-01 -3.18540e-05
4.46139e+00 1.10710e+00 -3.99708e-05
4.46139e+00 1.23885e+00 -4.89461e-05
4.46139e+00 1.37548e+00 -5.84658e-05
4.46139e+00 1.51646e+00 -6.80409e-05
4.46139e+00 1.66125e+00 -7.69989e-05
4.46139e+00 1.80928e+00 -8.45132e-05
4.46139e+00 1.95998e+00 -8.96847e-05
4.46139e+00 2.11277e+00 -9.16827e-05
4.46139e+00 2.26706e+00 -8.99294e-05
4.46139e+00 2.42225e+00 -8.42841e-05
4.46139e+00 2.57775e+00 -7.51611e-05
4.46139e+00 2.73294e+00 -6.35178e-05
4.46139e+00 2.88723e+00 -5.06844e-05
4.46139e+00 3.04002e+00 -3.80732e-05
4.46139e+00 3.19072e+00 -2.68650e-05
4.46139e+00 3.33875e+00 -1.77867e-05
4.46139e+00 3.48354e+00 -1.10513e-05
4.46139e+00 3.62452e+00 -6.45405e-06
4.46139e+00 3.76115e+00 -3.55410e-06
4.46139e+00 3.89290e+00 -1.85439e-06
4.46139e+00 4.01926e+00 -9.22736e-07
4.46139e+00 4.13974e+00 -4.41484e-07
4.46139e+00 4.25388e+00 -2.05094e-07
4.46139e+00 4.36124e+00 -9.35502e-08
4.46139e+00 4.46139e+00 -4.24201e-08
4.46139e+00 4.55396e+00 -1.93783e-08
4.46139e+00 4.63857e+00 -9.04329e-09
4.46139e+00 4.71492e+00 -4.37280e-09
4.46139e+00 4.78270e+00 -2.22185e-09
4.46139e+00 4.84164e+00 -1.20242e-09
4.46139e+00 4.89153e+00 -7.01852e-10
4.46139e+00 4.93216e+00 -4.46867e-10
4.46139e+00 4.96339e+00 -3.13349e-10
4.46139e+00 4.98508e+00 -2.43848e-10
4.46139e+00 4.99717e+00 -2.11737e-10
4.55396e+00 2.83399e-03 -1.24806e-10
4.55396e+00 1.49201e-02 -3.45925e-09
4.55396e+00 3.66148e-02 -2.08329e-08
4.55396e+00 6.78390e-02 -7.15134e-08
4.55396e+00 1.08473e-01 -1.82831e-07
4.55396e+00 1.58358e-01 -3.89630e-07
4.55396e+00 2.17304e-01 -7.33551e-07
4.55396e+00 2.85080e-01 -1.26211e-06
4.55396e+00 3.61426e-01 -2.02753e-06
4.55396e+00 4.46045e-01 -3.08515e-06
4.55396e+00 5.38610e-01 -4.49128e-06
4.55396e+00 6.38764e-01 -6.30001e-06
4.55396e+00 7.46119e-01 -8.55851e-06
4.55396e+00 8.60259e-01 -1.13003e-05
4.55396e+00 9.80743e-01 -1.45355e-05
4.55396e+00 1.10710e+00 -1.82386e-05
4.55396e+00 1.23885e+00 -2.23330e-05
4.55396e+00 1.37548e+00 -2.66753e-05
4.55396e+00 1.51646e+00 -3.10423e-05
4.55396e+00 1.66125e+00 -3.51270e-05
4.55396e+00 1.80928e+00 -3.85525e-05
4.55396e+00 1.95998e+00 -4.09086e-05
4.55396e+00 2.11277e+00 -4.18168e-05
4.55396e+00 2.26706e+00 -4.10138e-05
4.55396e+00 2.42225e+00 -3.84359e-05
4.55396e+00 2.57775e+00 -3.42726e-05
4.55396e+00 2.73294e+00 -2.89608e-05
4.55396e+00 2.88723e+00 -2.31074e-05
4.55396e+00 3.04002e+00 -1.73563e-05
4.55396e+00 3.19072e+00 -1.22458e-05
4.55396e+00 3.33875e+00 -8.10696e-06
4.55396e+00 3.48354e+00 -5.03663e-06
4.55396e+00 3.62452e+00 -2.94121e-06
4.55396e+00 3.76115e+00 -1.61954e-06
4.55396e+00 3.89290e+00 -8.44953e-07
4.55396e+00 4.01926e+00 -4.20418e-07
4.55396e+00 4.13974e+00 -2.01137e-07
4.55396e+00 4.25388e+00 -9.34344e-08
4.55396e+00 4.36124e+00 -4.26165e-08
4.55396e+00 4.46139e+00 -1.93235e-08
4.55396e+00 4.55396e+00 -8.82700e-09
4.55396e+00 4.63857e+00 -4.11916e-09
4.55396e+00 4.71492e+00 -1.99172e-09
4.55396e+00 4.78270e+00 -1.01198e-09
4.55396e+00 4.84164e+00 -5.47649e-10
4.55396e+00 4.89153e+00 -3.19657e-10
4.55396e+00 4.93216e+00 -2.03521e-10
4.55396e+00 4.96339e+00 -1.42710e-10
4.55396e+00 4.98508e+00 -1.11056e-10
4.55396e+00 4.99717e+00 -9.64316e-11
4.63857e+00 2.83399e-03 -5.82084e-11
4.63857e+00 1.49201e-02 -1.61336e-09
4.63857e+00 3.66148e-02 -9.71626e-09
4.63857e+00 6.78390e-02 -3.33531e-08
4.63857e+00 1.08473e-01 -8.52703e-08
4.63857e+00 1.58358e-01 -1.81719e-07
4.63857e+00 2.17304e-01 -3.42119e-07
4.63857e+00 2.85080e-01 -5.88630e-07
4.63857e+00 3.61426e-01 -9.45601e-07
4.63857e+00 4.46045e-01 -1.43884e-06
4.63857e+00 5.38610e-01 -2.09461e-06
4.63857e+00 6.38764e-01 -2.93810e-06
4.63857e+00 7.46119e-01 -3.99130e-06
4.63857e+00 8.60259e-01 -5.26979e-06
4.63857e+00 9.80743e-01 -6.77831e-06
4.63857e+00 1.10710e+00 -8.50487e-06
4.63857e+00 1.23885e+00 -1.04137e-05
4.63857e+00 1.37548e+00 -1.24380e-05
4.63857e+00 1.51646e+00 -1.44734e-05
4.63857e+00 1.66125e+00 -1.63769e-05
4.63857e+00 1.80928e+00 -1.79728e-05
4.63857e+00 1.95998e+00 -1.90699e-05
4.63857e+00 2.11277e+00 -1.94918e-05
4.63857e+00 2.26706e+00 -1.91161e-05
4.63857e+00 2.42225e+00 -1.79131e-05
4.63857e+00 2.57775e+00 -1.59714e-05
4.63857e+00 2.73294e+00 -1.34949e-05
4.63857e+00 2.88723e+00 -1.07665e-05
4.63857e+00 3.04002e+00 -8.08616e-06
4.63857e+00 3.19072e+00 -5.70473e-06
4.63857e+00 3.33875e+00 -3.77633e-06
4.63857e+00 3.48354e+00 -2.34594e-06
4.63857e+00 3.62452e+00 -1.36984e-06
4.63857e+00 3.76115e+00 -7.54226e-07
4.63857e+00 3.89290e+00 -3.93470e-07
4.63857e+00 4.01926e+00 -1.95764e-07
4.63857e+00 4.13974e+00 -9.36520e-08
4.63857e+00 4.25388e+00 -4.35017e-08
4.63857e+00 4.36124e+00 -1.98406e-08
4.63857e+00 4.46139e+00 -8.99586e-09
4.63857e+00 4.55396e+00 -4.10915e-09
4.63857e+00 4.63857e+00 -1.91748e-09
4.63857e+00 4.71492e+00 -9.27120e-10
4.63857e+00 4.78270e+00 -4.71049e-10
4.63857e+00 4.84164e+00 -2.54910e-10
4.63857e+00 4.89153e+00 -1.48785e-10
4.63857e+00 4.93216e+00 -9.47281e-11
4.63857e+00 4.96339e+00 -6.64230e-11
4.63857e+00 4.98508e+00 -5.16894e-11
4.63857e+00 4.99717e+00 -4.48825e-11
4.71492e+00 2.83399e-03 -2.81365e-11
4.71492e+00 1.49201e-02 -7.79857e-10
4.71492e+00 3.66148e-02 -4.69659e-09
4.71492e+00 6.78390e-02 -1.61220e-08
4.71492e+00 1.08473e-01 -4.12174e-08
4.71492e+00 1.58358e-01 -8.78380e-08
4.71492e+00 2.17304e-01 -1.65370e-07
4.71492e+00 2.85080e-01 -2.84526e-07
4.71492e+00 3.61426e-01 -4.57072e-07
4.71492e+00 4.46045e-01 -6.95483e-07
4.71492e+00 5.38610e-01 -1.01244e-06
4.71492e+00 6.38764e-01 -1.42013e-06
4.71492e+00 7.46119e-01 -1.92916e-06
4.71492e+00 8.60259e-01 -2.54705e-06
4.71492e+00 9.80743e-01 -3.27607e-06
4.71492e+00 1.10710e+00 -4.11041e-06
4.71492e+00 1.23885e+00 -5.03278e-06
4.71492e+00 1.37548e+00 -6.01079e-06
4.71492e+00 1.51646e+00 -6.99410e-06
4.71492e+00 1.66125e+00 -7.91355e-06
4.71492e+00 1.80928e+00 -8.68419e-06
4.71492e+00 1.95998e+00 -9.21371e-06
4.71492e+00 2.11277e+00 -9.41692e-06
4.71492e+00 2.26706e+00 -9.23472e-06
4.71492e+00 2.42225e+00 -8.65293e-06
4.71492e+00 2.57775e+00 -7.71442e-06
4.71492e+00 2.73294e+00 -6.51772e-06
4.71492e+00 2.88723e+00 -5.19952e-06
4.71492e+00 3.04002e+00 -3.90478e-06
4.71492e+00 3.19072e+00 -2.75457e-06
4.71492e+00 3.33875e+00 -1.82328e-06
4.71492e+00 3.48354e+00 -1.13258e-06
4.71492e+00 3.62452e+00 -6.61282e-07
4.71492e+00 3.76115e+00 -3.64073e-07
4.71492e+00 3.89290e+00 -1.89919e-07
4.71492e+00 4.01926e+00 -9.44846e-08
4.71492e+00 4.13974e+00 -4.51981e-08
4.71492e+00 4.25388e+00 -2.09935e-08
4.71492e+00 4.36124e+00 -9.57440e-09
4.71492e+00 4.46139e+00 -4.34089e-09
4.71492e+00 4.55396e+00 -1.98276e-09
4.71492e+00 4.63857e+00 -9.25192e-10
4.71492e+00 4.71492e+00 -4.47325e-10
4.71492e+00 4.78270e+00 -2.27269e-10
4.71492e+00 4.84164e+00 -1.22984e-10
4.71492e+00 4.89153e+00 -7.17817e-11
4.71492e+00 4.93216e+00 -4.57010e-11
4.71492e+00 4.96339e+00 -3.20449e-11
4.71492e+00 4.98508e+00 -2.49367e-11
4.71492e+00 4.99717e+00 -2.16527e-11
4.78270e+00 2.83399e-03 -1.42939e-11
4.78270e+00 1.49201e-02 -3.96182e-10
4.78270e+00 3.66148e-02 -2.38596e-09
4.78270e+00 6.78390e-02 -8.19030e-09
4.78270e+00 1.08473e-01 -2.09392e-08
4.78270e+00 1.58358e-01 -4.46232e-08
4.78270e+00 2.17304e-01 -8.40109e-08
4.78270e+00 2.85080e-01 -1.44543e-07
4.78270e+00 3.61426e-01 -2.32198e-07
4.78270e+00 4.46045e-01 -3.53310e-07
4.78270e+00 5.38610e-01 -5.14323e-07
4.78270e+00 6.38764e-01 -7.21419e-07
4.78270e+00 7.46119e-01 -9.79987e-07
4.78270e+00 8.60259e-01 -1.29384e-06
4.78270e+00 9.80743e-01 -1.66413e-06
4.78270e+00 1.10710e+00 -2.08788e-06
4.78270e+00 1.23885e+00 -2.55631e-06
4.78270e+00 1.37548e+00 -3.05296e-06
4.78270e+00 1.51646e+00 -3.55224e-06
4.78270e+00 1.66125e+00 -4.01904e-06
4.78270e+00 1.80928e+00 -4.41019e-06
4.78270e+00 1.95998e+00 -4.67883e-06
4.78270e+00 2.11277e+00 -4.78173e-06
4.78270e+00 2.26706e+00 -4.68891e-06
4.78270e+00 2.42225e+00 -4.39321e-06
4.78270e+00 2.57775e+00 -3.91644e-06
4.78270e+00 2.73294e+00 -3.30866e-06
4.78270e+00 2.88723e+00 -2.63929e-06
4.78270e+00 3.04002e+00 -1.98193e-06
4.78270e+00 3.19072e+00 -1.39802e-06
4.78270e+00 3.33875e+00 -9.25301e-07
4.78270e+00 3.48354e+00 -5.74732e-07
4.78270e+00 3.62452e+00 -3.35547e-07
4.78270e+00 3.76115e+00 -1.84725e-07
4.78270e+00 3.89290e+00 -9.63561e-08
4.78270e+00 4.01926e+00 -4.79342e-08
4.78270e+00 4.13974e+00 -2.29287e-08
4.78270e+00 4.25388e+00 -1.06493e-08
4.78270e+00 4.36124e+00 -4.85654e-09
4.78270e+00 4.46139e+00 -2.20178e-09
4.78270e+00 4.55396e+00 -1.00565e-09
4.78270e+00 4.63857e+00 -4.69240e-10
4.78270e+00 4.71492e+00 -2.26867e-10
4.78270e+00 4.78270e+00 -1.15260e-10
4.78270e+00 4.84164e+00 -6.23701e-11
4.78270e+00 4.89153e+00 -3.64025e-11
4.78270e+00 4.93216e+00 -2.31759e-11
4.78270e+00 4.96339e+00 -1.62504e-11
4.78270e+00 4.98508e+00 -1.26456e-11
4.78270e+00 4.99717e+00 -1.09802e-11
4.84164e+00 2.83399e-03 -7.73508e-12
4.84164e+00 1.49201e-02 -2.14393e-10
4.84164e+00 3.66148e-02 -1.29115e-09
4.84164e+00 6.78390e-02 -4.43216e-09
4.84164e+00 1.08473e-01 -1.13312e-08
4.84164e+00 1.58358e-01 -2.41477e-08
4.84164e+00 2.17304e-01 -4.54620e-08
4.84164e+00 2.85080e-01 -7.82184e-08
4.84164e+00 3.61426e-01 -1.25652e-07
4.84164e+00 4.46045e-01 -1.91189e-07
4.84164e+00 5.38610e-01 -2.78317e-07
4.84164e+00 6.38764e-01 -3.90378e-07
4.84164e+00 7.46119e-01 -5.30288e-07
4.84164e+00 8.60259e-01 -7.00108e-07
4.84164e+00 9.80743e-01 -9.00453e-07
4.84164e+00 1.10710e+00 -1.12972e-06
4.84164e+00 1.23885e+00 -1.38314e-06
4.84164e+00 1.37548e+00 -1.65180e-06
4.84164e+00 1.51646e+00 -1.92187e-06
4.84164e+00 1.66125e+00 -2.17432e-06
4.84164e+00 1.80928e+00 -2.38583e-06
4.84164e+00 1.95998e+00 -2.53104e-06
4.84164e+00 2.11277e+00 -2.58656e-06
4.84164e+00 2.26706e+00 -2.53621e-06
4.84164e+00 2.42225e+00 -2.37612e-06
4.84164e+00 2.57775e+00 -2.11813e-06
4.84164e+00 2.73294e+00 -1.78931e-06
4.84164e+00 2.88723e+00 -1.42722e-06
4.84164e+00 3.04002e+00 -1.07168e-06
4.84164e+00 3.19072e+00 -7.55895e-07
4.84164e+00 3.33875e+00 -5.00267e-07
4.84164e+00 3.48354e+00 -3.10711e-07
4.84164e+00 3.62452e+00 -1.81392e-07
4.84164e+00 3.76115e+00 -9.98537e-08
4.84164e+00 3.89290e+00 -5.20825e-08
4.84164e+00 4.01926e+00 -2.59080e-08
4.84164e+00 4.13974e+00 -1.23921e-08
4.84164e+00 4.25388e+00 -5.75530e-09
4.84164e+00 4.36124e+00 -2.62454e-09
4.84164e+00 4.46139e+00 -1.18983e-09
4.84164e+00 4.55396e+00 -5.43427e-10
4.84164e+00 4.63857e+00 -2.53556e-10
4.84164e+00 4.71492e+00 -1.22585e-10
4.84164e+00 4.78270e+00 -6.22776e-11
4.84164e+00 4.84164e+00 -3.36993e-11
4.84164e+00 4.89153e+00 -1.96684e-11
4.84164e+00 4.93216e+00 -1.25218e-11
4.84164e+00 4.96339e+00 -8.77991e-12
4.84164e+00 4.98508e+00 -6.83223e-12
4.84164e+00 4.99717e+00 -5.93242e-12
4.89153e+00 2.83399e-03 -4.51501e-12
4.89153e+00 1.49201e-02 -1.25142e-10
4.89153e+00 3.66148e-02 -7.53653e-10
4.89153e+00 6.78390e-02 -2.58707e-09
4.89153e+00 1.08473e-01 -6.61406e-09
4.89153e+00 1.58358e-01 -1.40951e-08
4.89153e+00 2.17304e-01 -2.65363e-08
4.89153e+00 2.85080e-01 -4.56562e-08
4.89153e+00 3.61426e-01 -7.33427e-08
4.89153e+00 4.46045e-01 -1.11596e-07
4.89153e+00 5.38610e-01 -1.62451e-07
4.89153e+00 6.38764e-01 -2.27858e-07
4.89153e+00 7.46119e-01 -3.09518e-07
4.89153e+00 8.60259e-01 -4.08632e-07
4.89153e+00 9.80743e-01 -5.25557e-07
4.89153e+00 1.10710e+00 -6.59356e-07
4.89153e+00 1.23885e+00 -8.07243e-07
4.89153e+00 1.37548e+00 -9.64018e-07
4.89153e+00 1.51646e+00 -1.12160e-06
4.89153e+00 1.66125e+00 -1.26888e-06
4.89153e+00 1.80928e+00 -1.39226e-06
4.89153e+00 1.95998e+00 -1.47693e-06
4.89153e+00 2.11277e+00 -1.50927e-06
4.89153e+00 2.26706e+00 -1.47981e-06
4.89153e+00 2.42225e+00 -1.38634e-06
4.89153e+00 2.57775e+00 -1.23574e-06
4.89153e+00 2.73294e+00 -1.04385e-06
4.89153e+00 2.88723e+00 -8.32571e-07
4.89153e+00 3.04002e+00 -6.25129e-07
4.89153e+00 3.19072e+00 -4.40902e-07
4.89153e+00 3.33875e+00 -2.91782e-07
4.89153e+00 3.48354e+00 -1.81213e-07
4.89153e+00 3.62452e+00 -1.05786e-07
4.89153e+00 3.76115e+00 -5.82305e-08
4.89153e+00 3.89290e+00 -3.03708e-08
4.89153e+00 4.01926e+00 -1.51070e-08
4.89153e+00 4.13974e+00 -7.22555e-09
4.89153e+00 4.25388e+00 -3.35563e-09
4.89153e+00 4.36124e+00 -1.53018e-09
4.89153e+00 4.46139e+00 -6.93678e-10
4.89153e+00 4.55396e+00 -3.16811e-10
4.89153e+00 4.63857e+00 -1.47816e-10
4.89153e+00 4.71492e+00 -7.14617e-11
4.89153e+00 4.78270e+00 -3.63043e-11
4.89153e+00 4.84164e+00 -1.96444e-11
4.89153e+00 4.89153e+00 -1.14651e-11
4.89153e+00 4.93216e+00 -7.29913e-12
4.89153e+00 4.96339e+00 -5.11788e-12
4.89153e+00 4.98508e+00 -3.98253e-12
4.89153e+00 4.99717e+00 -3.45801e-12
4.93216e+00 2.83399e-03 -2.87481e-12
4.93216e+00 1.49201e-02 -7.96809e-11
4.93216e+00 3.66148e-02 -4.79868e-10
4.93216e+00 6.78390e-02 -1.64725e-09
4.93216e+00 1.08473e-01 -4.21132e-09
4.93216e+00 1.58358e-01 -8.97466e-09
4.93216e+00 2.17304e-01 -1.68962e-08
4.93216e+00 2.85080e-01 -2.90702e-08
4.93216e+00 3.61426e-01 -4.66986e-08
4.93216e+00 4.46045e-01 -7.10550e-08
4.93216e+00 5.38610e-01 -1.03434e-07
4.93216e+00 6.38764e-01 -1.45079e-07
4.93216e+00 7.46119e-01 -1.97070e-07
4.93216e+00 8.60259e-01 -2.60172e-07
4.93216e+00 9.80743e-01 -3.34613e-07
4.93216e+00 1.10710e+00 -4.19793e-07
4.93216e+00 1.23885e+00 -5.13938e-07
4.93216e+00 1.37548e+00 -6.13736e-07
4.93216e+00 1.51646e+00 -7.14039e-07
4.93216e+00 1.66125e+00 -8.07784e-07
4.93216e+00 1.80928e+00 -8.86298e-07
4.93216e+00 1.95998e+00 -9.40167e-07
4.93216e+00 2.11277e+00 -9.60714e-07
4.93216e+00 2.26706e+00 -9.41928e-07
4.93216e+00 2.42225e+00 -8.82393e-07
4.93216e+00 2.57775e+00 -7.86508e-07
4.93216e+00 2.73294e+00 -6.64344e-07
4.93216e+00 2.88723e+00 -5.29854e-07
4.93216e+00 3.04002e+00 -3.97818e-07
4.93216e+00 3.19072e+00 -2.80567e-07
4.93216e+00 3.33875e+00 -1.85666e-07
4.93216e+00 3.48354e+00 -1.15304e-07
4.93216e+00 3.62452e+00 -6.73074e-08
4.93216e+00 3.76115e+00 -3.70482e-08
4.93216e+00 3.89290e+00 -1.93222e-08
4.93216e+00 4.01926e+00 -9.61082e-09
4.93216e+00 4.13974e+00 -4.59660e-09
4.93216e+00 4.25388e+00 -2.13464e-09
4.93216e+00 4.36124e+00 -9.73375e-10
4.93216e+00 4.46139e+00 -4.41247e-10
4.93216e+00 4.55396e+00 -2.01518e-10
4.93216e+00 4.63857e+00 -9.40203e-11
4.93216e+00 4.71492e+00 -4.54533e-11
4.93216e+00 4.78270e+00 -2.30909e-11
4.93216e+00 4.84164e+00 -1.24944e-11
4.93216e+00 4.89153e+00 -7.29204e-12
4.93216e+00 4.93216e+00 -4.64234e-12
4.93216e+00 4.96339e+00 -3.25501e-12
4.93216e+00 4.98508e+00 -2.53291e-12
4.93216e+00 4.99717e+00 -2.19930e-12
4.96339e+00 2.83399e-03 -2.01596e-12
4.96339e+00 1.49201e-02 -5.58761e-11
4.96339e+00 3.66148e-02 -3.36507e-10
4.96339e+00 6.78390e-02 -1.15513e-09
4.96339e+00 1.08473e-01 -2.95318e-09
4.96339e+00 1.58358e-01 -6.29346e-09
4.96339e+00 2.17304e-01 -1.18484e-08
4.96339e+00 2.85080e-01 -2.03853e-08
4.96339e+00 3.61426e-01 -3.27471e-08
4.96339e+00 4.46045e-01 -4.98267e-08
4.96339e+00 5.38610e-01 -7.25320e-08
4.96339e+00 6.38764e-01 -1.01734e-07
4.96339e+00 7.46119e-01 -1.38191e-07
4.96339e+00 8.60259e-01 -1.82439e-07
4.96339e+00 9.80743e-01 -2.34635e-07
4.96339e+00 1.10710e+00 -2.94361e-07
4.96339e+00 1.23885e+00 -3.60371e-07
4.96339e+00 1.37548e+00 -4.30341e-07
4.96339e+00 1.51646e+00 -5.00661e-07
4.96339e+00 1.66125e+00 -5.66379e-07
4.96339e+00 1.80928e+00 -6.21415e-07
4.96339e+00 1.95998e+00 -6.59167e-07
4.96339e+00 2.11277e+00 -6.73553e-07
4.96339e+00 2.26706e+00 -6.60363e-07
4.96339e+00 2.42225e+00 -6.18605e-07
4.96339e+00 2.57775e+00 -5.51366e-07
4.96339e+00 2.73294e+00 -4.65709e-07
4.96339e+00 2.88723e+00 -3.71418e-07
4.96339e+00 3.04002e+00 -2.78853e-07
4.96339e+00 3.19072e+00 -1.96658e-07
4.96339e+00 3.33875e+00 -1.30135e-07
4.96339e+00 3.48354e+00 -8.08143e-08
4.96339e+00 3.62452e+00 -4.71729e-08
4.96339e+00 3.76115e+00 -2.59647e-08
4.96339e+00 3.89290e+00 -1.35412e-08
4.96339e+00 4.01926e+00 -6.73517e-09
4.96339e+00 4.13974e+00 -3.22116e-09
4.96339e+00 4.25388e+00 -1.49585e-09
4.96339e+00 4.36124e+00 -6.82076e-10
4.96339e+00 4.46139e+00 -3.09189e-10
4.96339e+00 4.55396e+00 -1.41204e-10
4.96339e+00 4.63857e+00 -6.58790e-11
4.96339e+00 4.71492e+00 -3.18481e-11
4.96339e+00 4.78270e+00 -1.61790e-11
4.96339e+00 4.84164e+00 -8.75429e-12
4.96339e+00 4.89153e+00 -5.10917e-12
4.96339e+00 4.93216e+00 -3.25262e-12
4.96339e+00 4.96339e+00 -2.28058e-12
4.96339e+00 4.98508e+00 -1.77464e-12
4.96339e+00 4.99717e+00 -1.54090e-12
4.98508e+00 2.83399e-03 -1.56888e-12
4.98508e+00 1.49201e-02 -4.34847e-11
4.98508e+00 3.66148e-02 -2.61881e-10
4.98508e+00 6.78390e-02 -8.98961e-10
4.98508e+00 1.08473e-01 -2.29826e-09
4.98508e+00 1.58358e-01 -4.89778e-09
4.98508e+00 2.17304e-01 -9.22083e-09
4.98508e+00 2.85080e-01 -1.58645e-08
4.98508e+00 3.61426e-01 -2.54848e-08
4.98508e+00 4.46045e-01 -3.87765e-08
4.98508e+00 5.38610e-01 -5.64463e-08
4.98508e+00 6.38764e-01 -7.91716e-08
4.98508e+00 7.46119e-01 -1.07543e-07
4.98508e+00 8.60259e-01 -1.41976e-07
4.98508e+00 9.80743e-01 -1.82595e-07
4.98508e+00 1.10710e+00 -2.29072e-07
4.98508e+00 1.23885e+00 -2.80437e-07
4.98508e+00 1.37548e+00 -3.34883e-07
4.98508e+00 1.51646e+00 -3.89600e-07
4.98508e+00 1.66125e+00 -4.40734e-07
4.98508e+00 1.80928e+00 -4.83552e-07
4.98508e+00 1.95998e+00 -5.12919e-07
4.98508e+00 2.11277e+00 -5.24103e-07
4.98508e+00 2.26706e+00 -5.13829e-07
4.98508e+00 2.42225e+00 -4.81326e-07
4.98508e+00 2.57775e+00 -4.28998e-07
4.98508e+00 2.73294e+00 -3.62344e-07
4.98508e+00 2.88723e+00 -2.88974e-07
4.98508e+00 3.04002e+00 -2.16950e-07
4.98508e+00 3.19072e+00 -1.52998e-07
4.98508e+00 3.33875e+00 -1.01241e-07
4.98508e+00 3.48354e+00 -6.28696e-08
4.98508e+00 3.62452e+00 -3.66973e-08
4.98508e+00 3.76115e+00 -2.01983e-08
4.98508e+00 3.89290e+00 -1.05337e-08
4.98508e+00 4.01926e+00 -5.23915e-09
4.98508e+00 4.13974e+00 -2.50562e-09
4.98508e+00 4.25388e+00 -1.16355e-09
4.98508e+00 4.36124e+00 -5.30543e-10
4.98508e+00 4.46139e+00 -2.40494e-10
4.98508e+00 4.55396e+00 -1.09830e-10
4.98508e+00 4.63857e+00 -5.12407e-11
4.98508e+00 4.71492e+00 -2.47711e-11
4.98508e+00 4.78270e+00 -1.25838e-11
4.98508e+00 4.84164e+00 -6.80887e-12
4.98508e+00 4.89153e+00 -3.97375e-12
4.98508e+00 4.93216e+00 -2.52978e-12
4.98508e+00 4.96339e+00 -1.77375e-12
4.98508e+00 4.98508e+00 -1.38024e-12
4.98508e+00 4.99717e+00 -1.19845e-12
4.99717e+00 2.83399e-03 -1.36233e-12
4.99717e+00 1.49201e-02 -3.77596e-11
4.99717e+00 3.66148e-02 -2.27403e-10
4.99717e+00 6.78390e-02 -7.80606e-10
4.99717e+00 1.08473e-01 -1.99568e-09
4.99717e+00 1.58358e-01 -4.25295e-09
4.99717e+00 2.17304e-01 -8.00684e-09
4.99717e+00 2.85080e-01 -1.37758e-08
4.99717e+00 3.61426e-01 -2.21295e-08
4.99717e+00 4.46045e-01 -3.36712e-08
4.99717e+00 5.38610e-01 -4.90144e-08
4.99717e+00 6.38764e-01 -6.87476e-08
4.99717e+00 7.46119e-01 -9.33829e-08
4.99717e+00 8.60259e-01 -1.23282e-07
4.99717e+00 9.80743e-01 -1.58552e-07
4.99717e+00 1.10710e+00 -1.98908e-07
4.99717e+00 1.23885e+00 -2.43509e-07
4.99717e+00 1.37548e+00 -2.90783e-07
4.99717e+00 1.51646e+00 -3.38292e-07
4.99717e+00 1.66125e+00 -3.82688e-07
4.99717e+00 1.80928e+00 -4.19863e-07
4.99717e+00 1.95998e+00 -4.45357e-07
4.99717e+00 2.11277e+00 -4.55063e-07
4.99717e+00 2.26706e+00 -4.46137e-07
4.99717e+00 2.42225e+00 -4.17911e-07
4.99717e+00 2.57775e+00 -3.72473e-07
4.99717e+00 2.73294e+00 -3.14597e-07
4.99717e+00 2.88723e+00 -2.50891e-07
4.99717e+00 3.04002e+00 -1.88357e-07
4.99717e+00 3.19072e+00 -1.32832e-07
4.99717e+00 3.33875e+00 -8.78952e-08
4.99717e+00 3.48354e+00 -5.45813e-08
4.99717e+00 3.62452e+00 -3.18590e-08
4.99717e+00 3.76115e+00 -1.75350e-08
4.99717e+00 3.89290e+00 -9.14462e-09
4.99717e+00 4.01926e+00 -4.54823e-09
4.99717e+00 4.13974e+00 -2.17516e-09
4.99717e+00 4.25388e+00 -1.01008e-09
4.99717e+00 4.36124e+00 -4.60561e-10
4.99717e+00 4.46139e+00 -2.08770e-10
4.99717e+00 4.55396e+00 -9.53410e-11
4.99717e+00 4.63857e+00 -4.44807e-11
4.99717e+00 4.71492e+00 -2.15030e-11
4.99717e+00 4.78270e+00 -1.09235e-11
4.99717e+00 4.84164e+00 -5.91049e-12
4.99717e+00 4.89153e+00 -3.44943e-12
4.99717e+00 4.93216e+00 -2.19597e-12
4.99717e+00 4.96339e+00 -1.53970e-12
4.99717e+00 4.98508e+00 -1.19812e-12
4.99717e+00 4.99717e+00 -1.04031e-12
