# time[s]                    Y(     p )                  Y(     d )                  Y(   he3 )                  Y(   he4 )
 0.0000000000000000E+00      7.5101909679447143E-01      2.4770607655166865E-05      0.0000000000000000E+00      6.2232840497554641E-02
 9.9999999999999998E-13      7.5101909679447143E-01      2.4770607655116683E-05      2.8068332601091518E-17      6.2232840497554641E-02
 2.0000000000000000E-12      7.5101909679447143E-01      2.4770607655066501E-05      5.6136665202135322E-17      6.2232840497554641E-02
 3.0000000000000001E-12      7.5101909679447143E-01      2.4770607655016320E-05      8.4204997803115518E-17      6.2232840497554641E-02
 1.3000000000000000E-11      7.5101909679447132E-01      2.4770607654514524E-05      3.6488832380544258E-16      6.2232840497554641E-02
 2.2999999999999998E-11      7.5101909679447121E-01      2.4770607654012728E-05      6.4557164980299851E-16      6.2232840497554641E-02
 3.2999999999999996E-11      7.5101909679447110E-01      2.4770607653510936E-05      9.2625497579419312E-16      6.2232840497554641E-02
 1.3299999999999998E-10      7.5101909679446976E-01      2.4770607648493244E-05      3.7330882349586775E-15      6.2232840497554641E-02
 2.3299999999999997E-10      7.5101909679446843E-01      2.4770607643475709E-05      6.5399214936460572E-15      6.2232840497554641E-02
 3.3299999999999999E-10      7.5101909679446710E-01      2.4770607638458384E-05      9.3467547516973019E-15      6.2232840497554641E-02
 1.3329999999999998E-09      7.5101909679445367E-01      2.4770607588309588E-05      3.7415087257484188E-14      6.2232840497554641E-02
 2.3329999999999997E-09      7.5101909679444023E-01      2.4770607538176361E-05      6.5483419715571788E-14      6.2232840497554641E-02
 3.3329999999999996E-09      7.5101909679442680E-01      2.4770607488063852E-05      9.3551752110062596E-14      6.2232840497554641E-02
 6.3415824400847464E-09      7.5101909679438605E-01      2.4770607337535845E-05      1.7799764333188317E-13      6.2232840497554641E-02
 9.3501648801694936E-09      7.5101909679434520E-01      2.4770607187145908E-05      2.6244353412227417E-13      6.2232840497554641E-02
 1.2358747320254241E-08      7.5101909679430412E-01      2.4770607036938872E-05      3.4688942433748984E-13      6.2232840497554641E-02
 1.5854208795675091E-08      7.5101909679425616E-01      2.4770606862671377E-05      4.4500119608406489E-13      6.2232840497554641E-02
 1.9349670271095941E-08      7.5101909679420809E-01      2.4770606688673439E-05      5.4311296696737155E-13      6.2232840497554641E-02
 2.8878398082116135E-08      7.5101909679407541E-01      2.4770606215702398E-05      8.1056845200638813E-13      6.2232840497554641E-02
 3.8407125893136326E-08      7.5101909679394085E-01      2.4770605744667261E-05      1.0780239305709117E-12      6.2232840497554641E-02
 5.0691812426881280E-08      7.5101909679376444E-01      2.4770605140178244E-05      1.4228345590275985E-12      6.2232840497554641E-02
 6.2976498960626234E-08      7.5101909679358503E-01      2.4770604538708808E-05      1.7676451767406179E-12      6.2232840497554641E-02
 7.5261185494371187E-08      7.5101909679340262E-01      2.4770603940136306E-05      2.1124557837245474E-12      6.2232840497554641E-02
 1.1345743403015884E-07      7.5101909679281831E-01      2.4770602096317792E-05      3.1845605351146060E-12      6.2232840497554641E-02
 1.5165368256594649E-07      7.5101909679221024E-01      2.4770600276299979E-05      4.2566651833897875E-12      6.2232840497554641E-02
 1.8984993110173415E-07      7.5101909679158130E-01      2.4770598477301068E-05      5.3287697290127896E-12      6.2232840497554641E-02
 2.2226076390150153E-07      7.5101909679103296E-01      2.4770596965396530E-05      6.2384872913931947E-12      6.2232840497554641E-02
 2.5467159670126891E-07      7.5101909679047263E-01      2.4770595465486908E-05      7.1482047804698571E-12      6.2232840497554641E-02
 2.8708242950103626E-07      7.5101909678990142E-01      2.4770593976394618E-05      8.0579221965132626E-12      6.2232840497554641E-02
 3.1949326230080362E-07      7.5101909678932066E-01      2.4770592497053893E-05      8.9676395397872664E-12      6.2232840497554641E-02
 3.6158726670138244E-07      7.5101909678855328E-01      2.4770590588717791E-05      1.0149147049343746E-11      6.2232840497554641E-02
 4.0368127110196125E-07      7.5101909678777290E-01      2.4770588693307692E-05      1.1330654437121246E-11      6.2232840497554641E-02
 4.4577527550254007E-07      7.5101909678698131E-01      2.4770586809169343E-05      1.2512161703626119E-11      6.2232840497554641E-02
 4.8786927990311888E-07      7.5101909678617995E-01      2.4770584934866601E-05      1.3693668849333632E-11      6.2232840497554641E-02
 5.2996328430369775E-07      7.5101909678536993E-01      2.4770583069148226E-05      1.4875175874688462E-11      6.2232840497554648E-02
 5.8038694133275863E-07      7.5101909678438983E-01      2.4770580844007977E-05      1.6290481907640279E-11      6.2232840497554662E-02
 6.3081059836181951E-07      7.5101909678340062E-01      2.4770578627995468E-05      1.7705787769143214E-11      6.2232840497554676E-02
 6.8123425539088040E-07      7.5101909678240375E-01      2.4770576419736112E-05      1.9121093459792203E-11      6.2232840497554689E-02
 7.3165791241994128E-07      7.5101909678140022E-01      2.4770574218063030E-05      2.0536398980125641E-11      6.2232840497554703E-02
 8.1745209145317943E-07      7.5101909677968015E-01      2.4770570484392289E-05      2.2944493963387099E-11      6.2232840497554738E-02
 9.0324627048641758E-07      7.5101909677794798E-01      2.4770566763042705E-05      2.5352588457044740E-11      6.2232840497554780E-02
 9.8904044951965583E-07      7.5101909677620637E-01      2.4770563051015712E-05      2.7760682462814509E-11      6.2232840497554807E-02
 1.0748346285528941E-06      7.5101909677445766E-01      2.4770559346042613E-05      3.0168775982103071E-11      6.2232840497554835E-02
 1.1606288075861323E-06      7.5101909677270362E-01      2.4770555646411520E-05      3.2576869016056578E-11      6.2232840497554863E-02
 1.2371157824542763E-06      7.5101909677113643E-01      2.4770552351562798E-05      3.4723724646599286E-11      6.2232840497554898E-02
 1.3136027573224203E-06      7.5101909676956680E-01      2.4770549059218249E-05      3.6870579892677002E-11      6.2232840497554939E-02
 1.3900897321905643E-06      7.5101909676799516E-01      2.4770545768834336E-05      3.9017434754731814E-11      6.2232840497554981E-02
 1.4665767070587082E-06      7.5101909676642209E-01      2.4770542479983221E-05      4.1164289233129098E-11      6.2232840497555030E-02
 1.5560508318005580E-06      7.5101909676458034E-01      2.4770538634212318E-05      4.3675669615501519E-11      6.2232840497555085E-02
 1.6455249565424078E-06      7.5101909676273737E-01      2.4770534789671231E-05      4.6187049473665087E-11      6.2232840497555134E-02
 1.7349990812842575E-06      7.5101909676089351E-01      2.4770530946040512E-05      4.8698428807932806E-11      6.2232840497555182E-02
 1.8638297292676569E-06      7.5101909675823741E-01      2.4770525412861922E-05      5.2314474738580589E-11      6.2232840497555265E-02
 1.9926603772510565E-06      7.5101909675558032E-01      2.4770519880607576E-05      5.5930519584102271E-11      6.2232840497555363E-02
 2.1214910252344561E-06      7.5101909675292255E-01      2.4770514348979476E-05      5.9546563344851885E-11      6.2232840497555460E-02
 2.2503216732178556E-06      7.5101909675026435E-01      2.4770508817774289E-05      6.3162606021086679E-11      6.2232840497555564E-02
 2.4090896582711089E-06      7.5101909674698808E-01      2.4770502001624150E-05      6.7618933971003959E-11      6.2232840497555696E-02
 2.5678576433243622E-06      7.5101909674371170E-01      2.4770495185726261E-05      7.2075260274337489E-11      6.2232840497555834E-02
 2.7266256283776154E-06      7.5101909674043510E-01      2.4770488369970632E-05      7.6531584931245520E-11      6.2232840497555987E-02
 2.9874266536444790E-06      7.5101909673505240E-01      2.4770477174190553E-05      8.3851785359099347E-11      6.2232840497556258E-02
 3.2482276789113426E-06      7.5101909672966949E-01      2.4770465978515399E-05      9.1171981344811757E-11      6.2232840497556549E-02
 3.5090287041782061E-06      7.5101909672428657E-01      2.4770454782906184E-05      9.8492172888460854E-11      6.2232840497556868E-02
 3.7698297294450697E-06      7.5101909671890377E-01      2.4770443587335807E-05      1.0581235999010457E-10      6.2232840497557215E-02
 4.3096863300950529E-06      7.5101909670776124E-01      2.4770420412620303E-05      1.2096509046658652E-10      6.2232840497558013E-02
 4.8495429307450362E-06      7.5101909669661859E-01      2.4770397237931380E-05      1.3611780190988294E-10      6.2232840497558915E-02
 5.3893995313950194E-06      7.5101909668547595E-01      2.4770374063267145E-05      1.5127049431996638E-10      6.2232840497559935E-02
 8.5637246568929628E-06      7.5101909661995547E-01      2.4770237798262298E-05      2.4036705133620219E-10      6.2232840497568095E-02
 1.1738049782390907E-05      7.5101909655443189E-01      2.4770101534358661E-05      3.2946295029742781E-10      6.2232840497579961E-02
 1.8212878575095245E-05      7.5101909642076314E-01      2.4769823595767783E-05      5.1119287641292205E-10      6.2232840497623391E-02
 2.4687707367799581E-05      7.5101909628708530E-01      2.4769545660212120E-05      6.9292097722746134E-10      6.2232840497677105E-02
 3.1162536160503918E-05      7.5101909615339535E-01      2.4769267728703712E-05      8.7464664428003298E-10      6.2232840497744531E-02
 4.2354548407651635E-05      7.5101909592225580E-01      2.4768787329573612E-05      1.1887567725889045E-09      6.2232840497918974E-02
 5.3546560654799352E-05      7.5101909569108927E-01      2.4768306939511670E-05      1.5028614468774854E-09      6.2232840498124102E-02
 6.4738572901947076E-05      7.5101909545988654E-01      2.4767826561539918E-05      1.8169588489985617E-09      6.2232840498370121E-02
 8.1096422333689963E-05      7.5101909512189813E-01      2.4767124481851315E-05      2.2760182072731179E-09      6.2232840498810053E-02
 9.7454271765432850E-05      7.5101909478382411E-01      2.4766422430938302E-05      2.7350602531682344E-09      6.2232840499347200E-02
 1.4645076363810927E-04      7.5101909377067932E-01      2.4764319758874566E-05      4.1099195533436262E-09      6.2232840501541445E-02
 1.9544725551078569E-04      7.5101909275676282E-01      2.4762217347196316E-05      5.4846220994000462E-09      6.2232840504612356E-02
 4.2601950317021630E-04      7.5101908797510997E-01      2.4752327116677190E-05      1.1951719209936762E-08      6.2232840530745383E-02
 6.5659175082964693E-04      7.5101908317669597E-01      2.4742442642994156E-05      1.8415341410125110E-08      6.2232840575973468E-02
 9.6813799655498512E-04      7.5101907666686873E-01      2.4729096001598984E-05      2.7143382580039983E-08      6.2232840667073561E-02
 1.2796842422803233E-03      7.5101907012740166E-01      2.4715759836203830E-05      3.5865074220554192E-08      6.2232840792099467E-02
 1.5912304880056614E-03      7.5101906355891390E-01      2.4702434124579609E-05      4.4580413175950126E-08      6.2232840950447857E-02
 2.3325489691844370E-03      7.5101904781610240E-01      2.4670767748635336E-05      6.5292841827831088E-08      6.2232841457834982E-02
 3.0738674503632130E-03      7.5101903192003872E-01      2.4639160160367748E-05      8.5969256022542229E-08      6.2232842143100917E-02
 3.8151859315419890E-03      7.5101901587810038E-01      2.4607611089780730E-05      1.0660963241642841E-07      6.2232842999037939E-02
 5.1187239150742980E-03      7.5101898733748063E-01      2.4552276178528768E-05      1.4281632503732759E-07      6.2232844897120394E-02
 6.4222618986066078E-03      7.5101895840388311E-01      2.4497120038469378E-05      1.7891150752371136E-07      6.2232847266056546E-02
 7.7257998821389177E-03      7.5101892911093882E-01      2.4442141383695181E-05      2.1489520833347730E-07      6.2232850072816003E-02
 9.0293378656712275E-03      7.5101889948990019E-01      2.4387338992791393E-05      2.5076751053145503E-07      6.2232853286632639E-02
 1.1229937775024781E-02      7.5101884882002179E-01      2.4295219713570932E-05      3.1107384435412135E-07      6.2232859556703907E-02
 1.3430537684378335E-02      7.5101879742397060E-01      2.4203594218391789E-05      3.7106399858465781E-07      6.2232866780317524E-02
 1.5631137593731886E-02      7.5101874541400104E-01      2.4112457610706038E-05      4.3073917294176518E-07      6.2232874845868730E-02
 1.7831737503085442E-02      7.5101869288930778E-01      2.4021805309960860E-05      4.9010081344265165E-07      6.2232883654285080E-02
 2.0032337412438997E-02      7.5101863993756934E-01      2.3931633004624051E-05      5.4915056853003384E-07      6.2232893117571936E-02
 2.2758759725202787E-02      7.5101857385628201E-01      2.3820574115510089E-05      6.2188012132938371E-07      6.2232905634003459E-02
 2.5485182037966576E-02      7.5101850736660902E-01      2.3710238397557329E-05      6.9413744775420433E-07      6.2232918905568396E-02
 2.8211604350730366E-02      7.5101844057912981E-01      2.3600618867214881E-05      7.6592650558635237E-07      6.2232932819243469E-02
 3.0938026663494156E-02      7.5101837358882728E-01      2.3491708851640491E-05      8.3725142797619022E-07      6.2232947277183162E-02
 3.3664448976257949E-02      7.5101830647727807E-01      2.3383501934851551E-05      9.0811647378257541E-07      6.2232962194631168E-02
 3.6927200895608053E-02      7.5101822610217006E-01      2.3254924522866634E-05      9.9232338458010949E-07      6.2232980548085438E-02
 4.0189952814958158E-02      7.5101814575516057E-01      2.3127334852625510E-05      1.0758854494195845E-06      6.2232999346835280E-02
 4.3452704734308262E-02      7.5101806552064987E-01      2.3000722920478505E-05      1.1588102585838104E-06      6.2233018500097437E-02
 4.6715456653658366E-02      7.5101798546885479E-01      2.2875078963738675E-05      1.2411054009735762E-06      6.2233037931153638E-02
 5.1718999351593700E-02      7.5101786319184560E-01      2.2684258213871527E-05      1.3661018965057935E-06      6.2233068123784527E-02
 5.6722542049529034E-02      7.5101774164586310E-01      2.2495657694748246E-05      1.4896622562111407E-06      6.2233098629473016E-02
 6.1726084747464369E-02      7.5101762095565416E-01      2.2309244410620919E-05      1.6118129023145939E-06      6.2233129300337850E-02
 6.6729627445399703E-02      7.5101750121302435E-01      2.2124986002947282E-05      1.7325796764198047E-06      6.2233160021990912E-02
 7.1733170143335037E-02      7.5101738248430427E-01      2.1942850677390848E-05      1.8519877960639372E-06      6.2233190706173419E-02
 7.6550474132196553E-02      7.5101726917732603E-01      2.1769471494567647E-05      1.9656905730144246E-06      6.2233220148556374E-02
 8.1367778121058068E-02      7.5101715688314630E-01      2.1598003786444288E-05      2.0781780877732781E-06      6.2233249445295992E-02
 8.6185082109919584E-02      7.5101704562061800E-01      2.1428420458776691E-05      2.1894711462222599E-06      6.2233278559877814E-02
 9.1002386098781099E-02      7.5101693540119319E-01      2.1260694809093350E-05      2.2995900160580346E-06      6.2233307463799813E-02
 9.6645951672658104E-02      7.5101680761106238E-01      2.1066528521986455E-05      2.4271293870094211E-06      6.2233341027990642E-02
 1.0228951724653511E-01      7.5101668126143806E-01      2.0874834084687640E-05      2.5531151821589618E-06      6.2233374246113846E-02
 1.0793308282041211E-01      7.5101655634735709E-01      2.0685570585111761E-05      2.6775773644709139E-06      6.2233407098644222E-02
 1.1357664839428912E-01      7.5101643285894337E-01      2.0498697834522724E-05      2.8005450270009848E-06      6.2233439571912533E-02
 1.1922021396816612E-01      7.5101631078271214E-01      2.0314176366931793E-05      2.9220464322435542E-06      6.2233471656743325E-02
 1.2685061013306648E-01      7.5101614794623661E-01      2.0068363609083708E-05      3.0840399672678859E-06      6.2233514409260171E-02
 1.3448100629796683E-01      7.5101598761785682E-01      1.9826684673063694E-05      3.2434689611438943E-06      6.2233556433582846E-02
 1.4211140246286719E-01      7.5101582974960679E-01      1.9589048232554796E-05      3.4003967332461414E-06      6.2233597728361359E-02
 1.4974179862776754E-01      7.5101567429160232E-01      1.9355365291411093E-05      3.5548843467595614E-06      6.2233638296383426E-02
 1.6056721561128956E-01      7.5101545777593537E-01      1.9030448118304439E-05      3.7699875339924845E-06      6.2233694615810922E-02
 1.7139263259481158E-01      7.5101524586480461E-01      1.8713074415706590E-05      3.9804588187556946E-06      6.2233749506822415E-02
 1.8221804957833360E-01      7.5101503841581374E-01      1.8403013064603483E-05      4.1864518808910520E-06      6.2233802996853722E-02
 1.9304346656185561E-01      7.5101483528995461E-01      1.8100041423368482E-05      4.3881132136305279E-06      6.2233855116494104E-02
 2.0386888354537763E-01      7.5101463635245358E-01      1.7803945027963397E-05      4.5855825675627777E-06      6.2233905898123131E-02
 2.1837647467398807E-01      7.5101437608964716E-01      1.7417555121553522E-05      4.8438783264846467E-06      6.2233971912194701E-02
 2.3288406580259852E-01      7.5101412281780699E-01      1.7042666666875909E-05      5.0951890074880811E-06      6.2234035662193349E-02
 2.4739165693120896E-01      7.5101387625422833E-01      1.6678826677220271E-05      5.3398014147905210E-06      6.2234097227111186E-02
 2.6189924805981940E-01      7.5101363613153171E-01      1.6325604015539042E-05      5.5779859413440982E-06      6.2234156684306242E-02
 2.8805052032442874E-01      7.5101321876602867E-01      1.5714417895506894E-05      5.9918974388663847E-06      6.2234258775551568E-02
 3.1420179258903808E-01      7.5101282015532789E-01      1.5134178255729101E-05      6.3871134849446277E-06      6.2234354681937887E-02
 3.4035306485364741E-01      7.5101243904894255E-01      1.4582815434638980E-05      6.7648914532752277E-06      6.2234444802721625E-02
 3.6968767390517204E-01      7.5101203096278979E-01      1.3996330126570967E-05      7.1693287102726051E-06      6.2234539475581850E-02
 3.9902228295669667E-01      7.5101164201144455E-01      1.3441324416425685E-05      7.5547245496153972E-06      6.2234627835967594E-02
 4.2835689200822130E-01      7.5101127090069042E-01      1.2915589052688870E-05      7.9223757230287202E-06      6.2234710337592841E-02
 4.5769150105974593E-01      7.5101091645591722E-01      1.2417104294474839E-05      8.2734585451477924E-06      6.2234787400466084E-02
 4.9144738540001676E-01      7.5101052782470623E-01      1.1874808940111311E-05      8.6583430394591288E-06      6.2234869852564954E-02
 5.2520326974028753E-01      7.5101015836169371E-01      1.1363571566895506E-05      9.0241898056227709E-06      6.2234946164071561E-02
 5.5895915408055830E-01      7.5100980672814011E-01      1.0881058002139397E-05      9.3723363857938801E-06      6.2235016834498356E-02
 5.9271503842082907E-01      7.5100947171685317E-01      1.0425156141408674E-05      9.7039879806497723E-06      6.2235082319288142E-02
 6.2647092276109984E-01      7.5100915223495868E-01      9.9939496133988259E-06      1.0020234996360081E-05      6.2235143033891119E-02
 6.6626826408193640E-01      7.5100879417037414E-01      9.5149191668331014E-06      1.0374642165456127E-05      6.2235209002911490E-02
 7.0606560540277297E-01      7.5100845483414969E-01      9.0652031014855847E-06      1.0710485225312979E-05      6.2235269432548791E-02
 7.4586294672360953E-01      7.5100813289863466E-01      8.6424762040983756E-06      1.1029086153610247E-05      6.2235324830093058E-02
 7.8566028804444610E-01      7.5100782716459480E-01      8.2446435085985919E-06      1.1331638333701075E-05      6.2235375652186516E-02
 8.4150907763910632E-01      7.5100742338118343E-01      7.7247504740126486E-06      1.1731202778354036E-05      6.2235440035418373E-02
 8.9735786723376654E-01      7.5100704669570151E-01      7.2455388266695240E-06      1.2103942134760544E-05      6.2235497217663631E-02
 9.5320665682842676E-01      7.5100669474422110E-01      6.8029466590279212E-06      1.2452204315883038E-05      6.2235548071933912E-02
 1.0090554464230870E+00      7.5100636543799260E-01      6.3934161902647886E-06      1.2778062521923345E-05      6.2235593356068451E-02
 1.0649042360177472E+00      7.5100605692409150E-01      6.0138220626758608E-06      1.3083354783492139E-05      6.2235633728624243E-02
 1.1217250496890112E+00      7.5100576267092356E-01      5.6554929381305912E-06      1.3374547976658232E-05      6.2235670356549928E-02
 1.1785458633602752E+00      7.5100548667028910E-01      5.3227239326521703E-06      1.3647694237682327E-05      6.2235703022282589E-02
 1.2353666770315392E+00      7.5100522752634502E-01      5.0132407615102387E-06      1.3904176131570841E-05      6.2235732184960021E-02
 1.2921874907028033E+00      7.5100498398080540E-01      4.7250190110561076E-06      1.4145239477161245E-05      6.2235758246346695E-02
 1.3623222428635022E+00      7.5100470319688262E-01      4.3959131030908057E-06      1.4423190286912221E-05      6.2235786656998311E-02
 1.4324569950242012E+00      7.5100444253097520E-01      4.0934545258813488E-06      1.4681258878836981E-05      6.2235811449297421E-02
 1.5025917471849002E+00      7.5100420027151404E-01      3.8150081698875645E-06      1.4921137930850582E-05      6.2235833113350687E-02
 1.5727264993455992E+00      7.5100397489019088E-01      3.5582604684869419E-06      1.5144338334625269E-05      6.2235852067912392E-02
 1.6428612515062981E+00      7.5100376501801258E-01      3.3211741856832828E-06      1.5352213054864402E-05      6.2235868671146173E-02
 1.7284275910562878E+00      7.5100352818749239E-01      3.0559392567573948E-06      1.5586833711870871E-05      6.2235886188139626E-02
 1.8139939306062778E+00      7.5100331061319514E-01      2.8144198312472491E-06      1.5802424867800469E-05      6.2235901135410929E-02
 1.8995602701562677E+00      7.5100311052504487E-01      2.5941232360823340E-06      1.6000734494377814E-05      6.2235913907414890E-02
 1.9851266097062576E+00      7.5100292634723576E-01      2.3928729237213575E-06      1.6183318398402201E-05      6.2235924834520728E-02
 2.1003229123859870E+00      7.5100270106477496E-01      2.1486915308446992E-06      1.6406714981911057E-05      6.2235937112798970E-02
 2.2155192150657164E+00      7.5100249905897853E-01      1.9315819452942299E-06      1.6607097532974625E-05      6.2235947099558653E-02
 2.3307155177454457E+00      7.5100231770008252E-01      1.7381301304229534E-06      1.6787061273071209E-05      6.2235955238749745E-02
 2.4459118204251751E+00      7.5100215469919529E-01      1.5654297426777758E-06      1.6948864852802032E-05      6.2235961884459429E-02
 2.5611081231049044E+00      7.5100200805776907E-01      1.4109967316730488E-06      1.7094480386951077E-05      6.2235967319088287E-02
 2.6621347997777809E+00      7.5100189152632146E-01      1.2888954758210024E-06      1.7210234878705687E-05      6.2235971269424893E-02
 2.7631614764506574E+00      7.5100178517400706E-01      1.1779349359626542E-06      1.7315910519067399E-05      6.2235974588547592E-02
 2.8641881531235338E+00      7.5100168806108136E-01      1.0770060780665074E-06      1.7412434878398875E-05      6.2235977379362449E-02
 2.9652148297964103E+00      7.5100159934211874E-01      9.8512430181696461E-07      1.7500642571867289E-05      6.2235979727672502E-02
 3.0670786604781068E+00      7.5100151761409784E-01      9.0075267918006152E-07      1.7581923627162813E-05      6.2235981719921417E-02
 3.1689424911598034E+00      7.5100144294200077E-01      8.2388845325541739E-07      1.7656208912821445E-05      6.2235983396202621E-02
 3.2708063218415000E+00      7.5100137468994299E-01      7.5381627293350563E-07      1.7724126631912298E-05      6.2235984807771615E-02
 3.3726701525231966E+00      7.5100131228389366E-01      6.8989707007746287E-07      1.7786244052565916E-05      6.2235985997291118E-02
 3.4745339832048932E+00      7.5100125520520788E-01      6.3155905799799650E-07      1.7843073877870752E-05      6.2235987000244811E-02
 3.5827759537382131E+00      7.5100119986609815E-01      5.7511123799889728E-07      1.7898186298569965E-05      6.2235987894633353E-02
 3.6910179242715331E+00      7.5100114950283248E-01      5.2383364728556058E-07      1.7948356418341196E-05      6.2235988641514500E-02
 3.7992598948048530E+00      7.5100110365532913E-01      4.7723107023918454E-07      1.7994039563044390E-05      6.2235989265589028E-02
 3.9075018653381730E+00      7.5100106190819915E-01      4.3485950380284092E-07      1.8035647002646435E-05      6.2235989787342641E-02
 4.0157438358714934E+00      7.5100102388610956E-01      3.9632031978811703E-07      1.8073550509341300E-05      6.2235990223764061E-02
 4.1113142097010833E+00      7.5100099313960544E-01      3.6519120010314946E-07      1.8104207392483773E-05      6.2235990549503309E-02
 4.2068845835306732E+00      7.5100096481906575E-01      3.3654599811415650E-07      1.8132450524312086E-05      6.2235990827946272E-02
 4.3024549573602631E+00      7.5100093872945284E-01      3.1018057996232728E-07      1.8158473332298942E-05      6.2235991066056172E-02
 4.3980253311898529E+00      7.5100091469195274E-01      2.8590850665178918E-07      1.8182453223417255E-05      6.2235991269756152E-02
 4.4935957050194428E+00      7.5100089254254632E-01      2.6355936362668683E-07      1.8204552988416306E-05      6.2235991444086557E-02
 4.5786165082714181E+00      7.5100087430284246E-01      2.4516686562122495E-07      1.8222754355714649E-05      6.2235991577988578E-02
 4.6636373115233933E+00      7.5100085734030053E-01      2.2807161250281043E-07      1.8239683354892210E-05      6.2235991694658460E-02
 4.7486581147753686E+00      7.5100084156436064E-01      2.1218029790782207E-07      1.8255429962335975E-05      6.2235991796344564E-02
 4.8336789180273438E+00      7.5100082689101377E-01      1.9740655143743129E-07      1.8270077671529896E-05      6.2235991885000792E-02
 4.9231261671821267E+00      7.5100081255843654E-01      1.8298228906786643E-07      1.8284386766514719E-05      6.2235991966066675E-02
 5.0125734163369096E+00      7.5100079927599139E-01      1.6962046253785130E-07      1.8297648851125553E-05      6.2235992036298135E-02
 5.1020206654916924E+00      7.5100078696592310E-01      1.5724158025744035E-07      1.8309941273336280E-05      6.2235992097174279E-02
 5.1914679146464753E+00      7.5100077555635503E-01      1.4577228377419498E-07      1.8321335554685607E-05      6.2235992149968861E-02
 5.2809151638012581E+00      7.5100076498084467E-01      1.3514486784592432E-07      1.8331897827519881E-05      6.2235992195777898E-02
 5.3861877873276880E+00      7.5100075351964479E-01      1.2363114451422758E-07      1.8343345709255565E-05      6.2235992242016785E-02
 5.4914604108541178E+00      7.5100074303672626E-01      1.1310355818663004E-07      1.8353817396716467E-05      6.2235992281197340E-02
 5.5967330343805477E+00      7.5100073344800922E-01      1.0347678410724702E-07      1.8363396646972666E-05      6.2235992314425954E-02
 5.7020056579069776E+00      7.5100072467673462E-01      9.4673023309594825E-08      1.8372159945737288E-05      6.2235992342632843E-02
 5.8072782814334074E+00      7.5100071665281676E-01      8.6621321890329160E-08      1.8380177146695526E-05      6.2235992366599928E-02
 5.8853731372336595E+00      7.5100071114523381E-01      8.1095732431712690E-08      1.8385680443058623E-05      6.2235992382033062E-02
 5.9634679930339116E+00      7.5100070598945079E-01      7.5923874220204378E-08      1.8390832454391361E-05      6.2235992395728260E-02
 6.0415628488341637E+00      7.5100070116289031E-01      7.1082946889165999E-08      1.8395655696833780E-05      6.2235992407888824E-02
 6.1196577046344158E+00      7.5100069664443758E-01      6.6551639714724005E-08      1.8400171231221761E-05      6.2235992418693722E-02
 6.1977525604346679E+00      7.5100069241434309E-01      6.2310031299844912E-08      1.8404398759103267E-05      6.2235992428300524E-02
 6.2754990765258123E+00      7.5100068847121604E-01      5.8356622517570009E-08      1.8408339638736427E-05      6.2235992436812382E-02
 6.3532455926169566E+00      7.5100068477851001E-01      5.4654681055771041E-08      1.8412030367824435E-05      6.2235992444395385E-02
 6.4309921087081010E+00      7.5100068132027176E-01      5.1188137716430812E-08      1.8415486867448584E-05      6.2235992451155846E-02
 6.5087386247992454E+00      7.5100067808156901E-01      4.7941958107751610E-08      1.8418724041273580E-05      6.2235992457187604E-02
 6.6004276315611179E+00      7.5100067452520647E-01      4.4377719882162555E-08      1.8422278836276894E-05      6.2235992463476726E-02
 6.6921166383229904E+00      7.5100067123344760E-01      4.1078982513255863E-08      1.8425569248605305E-05      6.2235992468985799E-02
 6.7838056450848629E+00      7.5100066818654776E-01      3.8025889291041930E-08      1.8428614991612730E-05      6.2235992473817510E-02
 6.8754946518467355E+00      7.5100066536624543E-01      3.5200080942881028E-08      1.8431434300642199E-05      6.2235992478060491E-02
 6.9671836586086080E+00      7.5100066275565158E-01      3.2584584500608506E-08      1.8434044041542467E-05      6.2235992481791229E-02
 7.0583549304517392E+00      7.5100066035227098E-01      3.0176854869269705E-08      1.8436446693793931E-05      6.2235992485058414E-02
 7.1495262022948705E+00      7.5100065812657302E-01      2.7947269834430108E-08      1.8438671765937309E-05      6.2235992487940789E-02
 7.2406974741380017E+00      7.5100065606539734E-01      2.5882614630920819E-08      1.8440732403905982E-05      6.2235992490487169E-02
 7.3318687459811329E+00      7.5100065415656192E-01      2.3970659832272949E-08      1.8442640777279606E-05      6.2235992492739839E-02
 7.4230400178242641E+00      7.5100065238879066E-01      2.2200087739771618E-08      1.8444408151686421E-05      6.2235992494735472E-02
 7.4984033797220242E+00      7.5100065102657454E-01      2.0835771035325213E-08      1.8445770082387063E-05      6.2235992496213824E-02
 7.5737667416197842E+00      7.5100064974810499E-01      1.9555375590458560E-08      1.8447048300315151E-05      6.2235992497554210E-02
 7.6491301035175443E+00      7.5100064854822679E-01      1.8353730075066522E-08      1.8448247956586626E-05      6.2235992498770695E-02
 7.7244934654153043E+00      7.5100064742210293E-01      1.7225982992179182E-08      1.8449373884615527E-05      6.2235992499875839E-02
 7.7998568273130644E+00      7.5100064636519515E-01      1.6167582742822519E-08      1.8450430619810807E-05      6.2235992500880834E-02
 7.8756182856580681E+00      7.5100064536816835E-01      1.5169175592953207E-08      1.8451427493664708E-05      6.2235992501800286E-02
 7.9513797440030718E+00      7.5100064443272663E-01      1.4232463055667998E-08      1.8452362800640491E-05      6.2235992502637692E-02
 8.0271412023480764E+00      7.5100064355506346E-01      1.3353628974719451E-08      1.8453240345048823E-05      6.2235992503401130E-02
 8.1029026606930810E+00      7.5100064273160794E-01      1.2529093474190371E-08      1.8454063696123903E-05      6.2235992504097816E-02
 8.1963882127069141E+00      7.5100064178526305E-01      1.1581529802184805E-08      1.8455009929216536E-05      6.2235992504875028E-02
 8.2898737647207472E+00      7.5100064091050556E-01      1.0705667385045074E-08      1.8455884590813233E-05      6.2235992505571137E-02
 8.3833593167345803E+00      7.5100064010191536E-01      9.8960739586621404E-09      1.8456693099102004E-05      6.2235992506195534E-02
 8.4768448687484135E+00      7.5100063935448325E-01      9.1477299895692759E-09      1.8457440461230158E-05      6.2235992506756425E-02
 8.5703304207622466E+00      7.5100063866358102E-01      8.4559979970043612E-09      1.8458131303770230E-05      6.2235992507260980E-02
 8.6681753404560880E+00      7.5100063799635808E-01      7.7879859172908198E-09      1.8458798473414735E-05      6.2235992507735552E-02
 8.7660202601499293E+00      7.5100063738185241E-01      7.1727638452785796E-09      1.8459412933980901E-05      6.2235992508161586E-02
 8.8638651798437706E+00      7.5100063681589624E-01      6.6061570741981615E-09      1.8459978851593961E-05      6.2235992508544599E-02
 8.9617100995376120E+00      7.5100063629465252E-01      6.0843215282029753E-09      1.8460500062759504E-05      6.2235992508889414E-02
 9.0595550192314533E+00      7.5100063581458731E-01      5.6037176742651938E-09      1.8460980100322410E-05      6.2235992509200241E-02
 9.1669692508579903E+00      7.5100063533112316E-01      5.1197172867016594E-09      1.8461463538891036E-05      6.2235992509506746E-02
 9.2743834824845273E+00      7.5100063488941715E-01      4.6775267438535024E-09      1.8461905223579416E-05      6.2235992509781062E-02
 9.3817977141110642E+00      7.5100063448586296E-01      4.2735344989497830E-09      1.8462308759875977E-05      6.2235992510026886E-02
 9.4892119457376012E+00      7.5100063411716589E-01      3.9044408487086549E-09      1.8462677442150411E-05      6.2235992510247487E-02
 9.6305781846246230E+00      7.5100063368001924E-01      3.4668286853408306E-09      1.8463114572995279E-05      6.2235992510504094E-02
 9.7719444235116448E+00      7.5100063329187527E-01      3.0782757462037697E-09      1.8463502704419764E-05      6.2235992510727429E-02
 9.9133106623986667E+00      7.5100063294723707E-01      2.7332777218978353E-09      1.8463847332780451E-05      6.2235992510922183E-02
 1.0054676901285688E+01      7.5100063264122507E-01      2.4269488647966447E-09      1.8464153337029626E-05      6.2235992511092318E-02
 1.0196043140172710E+01      7.5100063236950976E-01      2.1549542254363816E-09      1.8464425046299577E-05      6.2235992511241185E-02
 1.0346784638592194E+01      7.5100063211323198E-01      1.8984148748432767E-09      1.8464681318949546E-05      6.2235992511379713E-02
 1.0497526137011677E+01      7.5100063188745780E-01      1.6724116454729837E-09      1.8464907089197139E-05      6.2235992511500242E-02
 1.0648267635431161E+01      7.5100063168855979E-01      1.4733130014624219E-09      1.8465105984130679E-05      6.2235992511605241E-02
 1.0799009133850644E+01      7.5100063151334084E-01      1.2979183385385578E-09      1.8465281200531705E-05      6.2235992511696807E-02
 1.0985178973654875E+01      7.5100063132546180E-01      1.1098517507333581E-09      1.8465469077229066E-05      6.2235992511794035E-02
 1.1171348813459106E+01      7.5100063116481397E-01      9.4904428565965051E-10      1.8465629723355289E-05      6.2235992511876392E-02
 1.1357518653263337E+01      7.5100063102744508E-01      8.1153945419282870E-10      1.8465767090975775E-05      6.2235992511946239E-02
 1.1543688493067569E+01      7.5100063090997804E-01      6.9395645773163956E-10      1.8465884557184800E-05      6.2235992512005546E-02
 1.1729858332871800E+01      7.5100063080952961E-01      5.9340927309524190E-10      1.8465985004901059E-05      6.2235992512055964E-02
 1.1884111911179732E+01      7.5100063073742285E-01      5.2123164067657815E-10      1.8466057111357956E-05      6.2235992512091984E-02
 1.2038365489487663E+01      7.5100063067408696E-01      4.5783365719184432E-10      1.8466120446981018E-05      6.2235992512123507E-02
 1.2192619067795595E+01      7.5100063061845457E-01      4.0214686966245744E-10      1.8466176079114440E-05      6.2235992512151110E-02
 1.2346872646103527E+01      7.5100063056958832E-01      3.5323312222875190E-10      1.8466224944948863E-05      6.2235992512175285E-02
 1.2501126224411459E+01      7.5100063052666588E-01      3.1026878956259128E-10      1.8466267867268828E-05      6.2235992512196470E-02
 1.2651404151687879E+01      7.5100063048987453E-01      2.7344167547865727E-10      1.8466304658425619E-05      6.2235992512214594E-02
 1.2801682078964300E+01      7.5100063045744914E-01      2.4098479076128995E-10      1.8466337083661703E-05      6.2235992512230540E-02
 1.2951960006240720E+01      7.5100063042887222E-01      2.1238018525297775E-10      1.8466365660407592E-05      6.2235992512244577E-02
 1.3102237933517140E+01      7.5100063040368747E-01      1.8717104087823155E-10      1.8466390845025035E-05      6.2235992512256928E-02
 1.3274382947621756E+01      7.5100063037849096E-01      1.6194989962748137E-10      1.8466416041652100E-05      6.2235992512269266E-02
 1.3446527961726373E+01      7.5100063035669029E-01      1.4012820533199463E-10      1.8466437842156383E-05      6.2235992512279924E-02
 1.3618672975830989E+01      7.5100063033782738E-01      1.2124709851982887E-10      1.8466456704943851E-05      6.2235992512289146E-02
 1.3790817989935606E+01      7.5100063032150599E-01      1.0490987173415702E-10      1.8466473026331100E-05      6.2235992512297118E-02
 1.3962963004040223E+01      7.5100063030738373E-01      9.0773851292593771E-11      1.8466487148655144E-05      6.2235992512304016E-02
 1.4129501115662029E+01      7.5100063029553499E-01      7.8913781868527307E-11      1.8466498997240069E-05      6.2235992512309803E-02
 1.4296039227283835E+01      7.5100063028523456E-01      6.8603392703824817E-11      1.8466509297650584E-05      6.2235992512314840E-02
 1.4462577338905641E+01      7.5100063027627995E-01      5.9640099590833229E-11      1.8466518252273011E-05      6.2235992512319219E-02
 1.4629115450527447E+01      7.5100063026849528E-01      5.1847844463899085E-11      1.8466526036993677E-05      6.2235992512323028E-02
 1.4795653562149253E+01      7.5100063026172770E-01      4.5073661590529648E-11      1.8466532804629310E-05      6.2235992512326338E-02
 1.4945278110384240E+01      7.5100063025640484E-01      3.9745541384418486E-11      1.8466538127601940E-05      6.2235992512328947E-02
 1.5094902658619228E+01      7.5100063025171093E-01      3.5047103238204971E-11      1.8466542821502532E-05      6.2235992512331258E-02
 1.5244527206854215E+01      7.5100063024757191E-01      3.0904048109208729E-11      1.8466546960557957E-05      6.2235992512333298E-02
 1.5394151755089203E+01      7.5100063024392227E-01      2.7250788770690047E-11      1.8466550610291769E-05      6.2235992512335095E-02
 1.5554088768340273E+01      7.5100063024049690E-01      2.3822058331003958E-11      1.8466554035714681E-05      6.2235992512336781E-02
 1.5714025781591344E+01      7.5100063023750263E-01      2.0824847468420386E-11      1.8466557030035530E-05      6.2235992512338266E-02
 1.5873962794842415E+01      7.5100063023488517E-01      1.8204763067172332E-11      1.8466559647594701E-05      6.2235992512339570E-02
 1.6033899808093487E+01      7.5100063023259689E-01      1.5914299836773694E-11      1.8466561935851471E-05      6.2235992512340708E-02
 1.6193836821344558E+01      7.5100063023059649E-01      1.3911999499930187E-11      1.8466563936223957E-05      6.2235992512341708E-02
 1.6388150654942677E+01      7.5100063022850183E-01      1.1815176265179058E-11      1.8466566031029616E-05      6.2235992512342755E-02
 1.6582464488540797E+01      7.5100063022672292E-01      1.0034416574170534E-11      1.8466567810077188E-05      6.2235992512343657E-02
 1.6776778322138917E+01      7.5100063022521191E-01      8.5220563324135711E-12      1.8466569320984656E-05      6.2235992512344428E-02
 1.6971092155737036E+01      7.5100063022392871E-01      7.2376263134516527E-12      1.8466570604182094E-05      6.2235992512345080E-02
 1.7165405989335156E+01      7.5100063022283892E-01      6.1467791559140689E-12      1.8466571693983642E-05      6.2235992512345642E-02
 1.7313307609031071E+01      7.5100063022212094E-01      5.4280254622673171E-12      1.8466572412049183E-05      6.2235992512346010E-02
 1.7461209228726986E+01      7.5100063022148678E-01      4.7932928825861038E-12      1.8466573046174737E-05      6.2235992512346350E-02
 1.7609110848422901E+01      7.5100063022092678E-01      4.2327826675232453E-12      1.8466573606149577E-05      6.2235992512346648E-02
 1.7757012468118816E+01      7.5100063022043229E-01      3.7378250440899525E-12      1.8466574100635096E-05      6.2235992512346919E-02
 1.7899651993730096E+01      7.5100063022001029E-01      3.3153965676865640E-12      1.8466574522661263E-05      6.2235992512347148E-02
 1.8042291519341376E+01      7.5100063021963603E-01      2.9407203359053628E-12      1.8466574896981256E-05      6.2235992512347356E-02
 1.8184931044952656E+01      7.5100063021930397E-01      2.6083889807978028E-12      1.8466575228997226E-05      6.2235992512347536E-02
 1.8327570570563935E+01      7.5100063021900931E-01      2.3136118713818770E-12      1.8466575523495173E-05      6.2235992512347710E-02
 1.8470210096175215E+01      7.5100063021874797E-01      2.0521465833622293E-12      1.8466575784713418E-05      6.2235992512347869E-02
 1.8646194961943273E+01      7.5100063021846597E-01      1.7699105845889941E-12      1.8466576066683517E-05      6.2235992512348043E-02
 1.8822179827711331E+01      7.5100063021822283E-01      1.5264938065987857E-12      1.8466576309871799E-05      6.2235992512348196E-02
 1.8998164693479389E+01      7.5100063021801300E-01      1.3165546745417756E-12      1.8466576519614680E-05      6.2235992512348327E-02
 1.9174149559247446E+01      7.5100063021783192E-01      1.1354876266317350E-12      1.8466576700513274E-05      6.2235992512348445E-02
 1.9350134425015504E+01      7.5100063021767571E-01      9.7932261176365194E-13      1.8466576856533802E-05      6.2235992512348549E-02
 1.9499723515302058E+01      7.5100063021756014E-01      8.6358363054899656E-13      1.8466576972166319E-05      6.2235992512348640E-02
 1.9649312605588612E+01      7.5100063021745811E-01      7.6151948428561055E-13      1.8466577074137146E-05      6.2235992512348716E-02
 1.9798901695875166E+01      7.5100063021736818E-01      6.7151741212151920E-13      1.8466577164057482E-05      6.2235992512348778E-02
 1.9948490786161720E+01      7.5100063021728891E-01      5.9215335255593253E-13      1.8466577243350022E-05      6.2235992512348841E-02
 2.0116081533059504E+01      7.5100063021721131E-01      5.1432793652583328E-13      1.8466577321105949E-05      6.2235992512348917E-02
 2.0283672279957287E+01      7.5100063021714392E-01      4.4673354297869470E-13      1.8466577388640655E-05      6.2235992512348980E-02
 2.0451263026855070E+01      7.5100063021708541E-01      3.8802323235721275E-13      1.8466577447299777E-05      6.2235992512349035E-02
 2.0618853773752853E+01      7.5100063021703456E-01      3.3702819257777258E-13      1.8466577498251004E-05      6.2235992512349091E-02
 2.0786444520650637E+01      7.5100063021699037E-01      2.9273479070326156E-13      1.8466577542506989E-05      6.2235992512349139E-02
 2.0995758985354431E+01      7.5100063021694319E-01      2.4549860036486886E-13      1.8466577589704146E-05      6.2235992512349195E-02
 2.1205073450058226E+01      7.5100063021690366E-01      2.0588537907065149E-13      1.8466577629285582E-05      6.2235992512349250E-02
 2.1414387914762020E+01      7.5100063021687047E-01      1.7266437210153358E-13      1.8466577662480871E-05      6.2235992512349299E-02
 2.1623702379465815E+01      7.5100063021684260E-01      1.4480369578683569E-13      1.8466577690320885E-05      6.2235992512349347E-02
 2.1833016844169610E+01      7.5100063021681918E-01      1.2143853038491660E-13      1.8466577713669623E-05      6.2235992512349396E-02
 2.2056968482961945E+01      7.5100063021679841E-01      1.0059530206396760E-13      1.8466577734499166E-05      6.2235992512349451E-02
 2.2280920121754281E+01      7.5100063021678110E-01      8.3326809390481109E-14      1.8466577751757303E-05      6.2235992512349500E-02
 2.2504871760546617E+01      7.5100063021676666E-01      6.9021613783122528E-14      1.8466577766054880E-05      6.2235992512349542E-02
 2.2728823399338953E+01      7.5100063021675467E-01      5.7172416709911559E-14      1.8466577777898715E-05      6.2235992512349583E-02
 2.3017899246810490E+01      7.5100063021674213E-01      4.4835800059786020E-14      1.8466577790231085E-05      6.2235992512349646E-02
 2.3306975094282027E+01      7.5100063021673247E-01      3.5164057858894834E-14      1.8466577799900962E-05      6.2235992512349708E-02
 2.3596050941753564E+01      7.5100063021672481E-01      2.7579600737802224E-14      1.8466577807485383E-05      6.2235992512349764E-02
 2.3885126789225101E+01      7.5100063021671892E-01      2.1630604568495436E-14      1.8466577813435739E-05      6.2235992512349812E-02
 2.4174202636696638E+01      7.5100063021671426E-01      1.6964617810405586E-14      1.8466577818104137E-05      6.2235992512349868E-02
 2.4495254404702202E+01      7.5100063021671015E-01      1.2950285326564281E-14      1.8466577822122068E-05      6.2235992512349923E-02
 2.4816306172707765E+01      7.5100063021670704E-01      9.8838004261626415E-15      1.8466577825192857E-05      6.2235992512349979E-02
 2.5137357940713329E+01      7.5100063021670471E-01      7.5426305921735878E-15      1.8466577827538820E-05      6.2235992512350034E-02
 2.5458409708718893E+01      7.5100063021670294E-01      5.7561736327245961E-15      1.8466577829330397E-05      6.2235992512350090E-02
 2.5865308886190913E+01      7.5100063021670116E-01      4.0883170751373729E-15      1.8466577831005031E-05      6.2235992512350159E-02
 2.6272208063662934E+01      7.5100063021669994E-01      2.9057695439209219E-15      1.8466577832194516E-05      6.2235992512350229E-02
 2.6679107241134954E+01      7.5100063021669905E-01      2.0660116364566687E-15      1.8466577833041244E-05      6.2235992512350298E-02
 2.7086006418606974E+01      7.5100063021669838E-01      1.4687950725496789E-15      1.8466577833645372E-05      6.2235992512350374E-02
 2.7492905596078995E+01      7.5100063021669783E-01      1.0442423227874526E-15      1.8466577834076719E-05      6.2235992512350444E-02
 2.8022855207728778E+01      7.5100063021669738E-01      6.6883106123308807E-16      1.8466577834460729E-05      6.2235992512350527E-02
 2.8552804819378562E+01      7.5100063021669716E-01      4.2735511851714078E-16      1.8466577834710479E-05      6.2235992512350603E-02
 2.9082754431028345E+01      7.5100063021669683E-01      2.7266773109964387E-16      1.8466577834873089E-05      6.2235992512350687E-02
 2.9612704042678129E+01      7.5100063021669672E-01      1.7420110916943320E-16      1.8466577834979117E-05      6.2235992512350777E-02
 3.0438304981691910E+01      7.5100063021669650E-01      9.0082555396133305E-17      1.8466577835074283E-05      6.2235992512350916E-02
 3.1263905920705692E+01      7.5100063021669650E-01      5.0204703521333017E-17      1.8466577835124329E-05      6.2235992512351040E-02
 3.2089506859719471E+01      7.5100063021669650E-01      2.9852219435540861E-17      1.8466577835154002E-05      6.2235992512351165E-02
 3.3665371533518517E+01      7.5100063021669639E-01      9.2455737571826629E-18      1.8466577835190242E-05      6.2235992512351408E-02
 3.5241236207317563E+01      7.5100063021669627E-01      2.5409243612547134E-18      1.8466577835209967E-05      6.2235992512351644E-02
 4.1028602520680032E+01      7.5100063021669583E-01      2.6951628273037979E-18      1.8466577835230472E-05      6.2235992512352491E-02
 4.6815968834042501E+01      7.5100063021669539E-01      2.7315072618244857E-18      1.8466577835239468E-05      6.2235992512353323E-02
 5.2603335147404970E+01      7.5100063021669494E-01      2.7308112872604351E-18      1.8466577835236405E-05      6.2235992512354142E-02
 8.1086961508206372E+01      7.5100063021669294E-01      2.7270320652622416E-18      1.8466577835137417E-05      6.2235992512358014E-02
 1.0957058786900778E+02      7.5100063021669117E-01      2.7267977421350340E-18      1.8466577834984348E-05      6.2235992512361706E-02
 1.5903158292958545E+02      7.5100063021668828E-01      2.7268604630431794E-18      1.8466577834700938E-05      6.2235992512367638E-02
 2.0849257799016314E+02      7.5100063021668551E-01      2.7268626467095319E-18      1.8466577834423267E-05      6.2235992512373356E-02
 2.5795357305074083E+02      7.5100063021668284E-01      2.7268620201847987E-18      1.8466577834147839E-05      6.2235992512378782E-02
 3.2281037423076833E+02      7.5100063021667973E-01      2.7268619643816696E-18      1.8466577833787047E-05      6.2235992512385464E-02
 3.8766717541079583E+02      7.5100063021667685E-01      2.7268619706381077E-18      1.8466577833426146E-05      6.2235992512391668E-02
 5.0884456869587234E+02      7.5100063021667196E-01      2.7268619713782276E-18      1.8466577832751712E-05      6.2235992512402097E-02
 6.3002196198094884E+02      7.5100063021666774E-01      2.7268619713138969E-18      1.8466577832077257E-05      6.2235992512411180E-02
 7.8418272251456006E+02      7.5100063021666319E-01      2.7268619712979714E-18      1.8466577831219222E-05      6.2235992512421012E-02
 9.3834348304817127E+02      7.5100063021665953E-01      2.7268619712948367E-18      1.8466577830361192E-05      6.2235992512429235E-02
 1.0925042435817825E+03      7.5100063021665653E-01      2.7268619712880305E-18      1.8466577829503161E-05      6.2235992512436139E-02
 1.2570849164785934E+03      7.5100063021665375E-01      2.7268619712811006E-18      1.8466577828587132E-05      6.2235992512442315E-02
 1.4216655893754044E+03      7.5100063021665164E-01      2.7268619712746114E-18      1.8466577827671106E-05      6.2235992512447484E-02
 1.5862462622722153E+03      7.5100063021664987E-01      2.7268619712684565E-18      1.8466577826755084E-05      6.2235992512451828E-02
 1.8203931925180063E+03      7.5100063021664798E-01      2.7268619712602543E-18      1.8466577825451870E-05      6.2235992512456872E-02
 2.0545401227637972E+03      7.5100063021664665E-01      2.7268619712526639E-18      1.8466577824148652E-05      6.2235992512460890E-02
 2.2886870530095880E+03      7.5100063021664565E-01      2.7268619712456373E-18      1.8466577822845431E-05      6.2235992512464117E-02
 2.5228339832553788E+03      7.5100063021664487E-01      2.7268619712391338E-18      1.8466577821542213E-05      6.2235992512466747E-02
 2.8594949166516990E+03      7.5100063021664420E-01      2.7268619712306227E-18      1.8466577819668424E-05      6.2235992512469772E-02
 3.1961558500480191E+03      7.5100063021664387E-01      2.7268619712230107E-18      1.8466577817794638E-05      6.2235992512472173E-02
 3.5328167834443393E+03      7.5100063021664376E-01      2.7268619712162022E-18      1.8466577815920845E-05      6.2235992512474150E-02
 3.8694777168406595E+03      7.5100063021664376E-01      2.7268619712101151E-18      1.8466577814047049E-05      6.2235992512475878E-02
 4.2061386502369796E+03      7.5100063021664387E-01      2.7268619712046743E-18      1.8466577812173253E-05      6.2235992512477432E-02
 4.6392816203260072E+03      7.5100063021664387E-01      2.7268619711985152E-18      1.8466577809762458E-05      6.2235992512479250E-02
 5.0724245904150348E+03      7.5100063021664398E-01      2.7268619711931888E-18      1.8466577807351667E-05      6.2235992512480937E-02
 5.5055675605040624E+03      7.5100063021664420E-01      2.7268619711885859E-18      1.8466577804940879E-05      6.2235992512482553E-02
 5.9387105305930900E+03      7.5100063021664443E-01      2.7268619711846111E-18      1.8466577802530088E-05      6.2235992512484128E-02
 6.7200848787056302E+03      7.5100063021664476E-01      2.7268619711787771E-18      1.8466577798181105E-05      6.2235992512486904E-02
 7.5014592268181705E+03      7.5100063021664532E-01      2.7268619711743317E-18      1.8466577793832123E-05      6.2235992512489652E-02
 8.2828335749307098E+03      7.5100063021664587E-01      2.7268619711709574E-18      1.8466577789483141E-05      6.2235992512492386E-02
 1.0193815461112747E+04      7.5100063021664720E-01      2.7268619711657906E-18      1.8466577778846979E-05      6.2235992512499075E-02
 1.2104797347294785E+04      7.5100063021664865E-01      2.7268619711633088E-18      1.8466577768210813E-05      6.2235992512505750E-02
 1.4015779233476824E+04      7.5100063021664987E-01      2.7268619711623058E-18      1.8466577757574648E-05      6.2235992512512418E-02
 1.5926761119658862E+04      7.5100063021665120E-01      2.7268619711621413E-18      1.8466577746938485E-05      6.2235992512519100E-02
 1.9368836562708264E+04      7.5100063021665364E-01      2.7268619711629252E-18      1.8466577727780548E-05      6.2235992512531146E-02
 2.2810912005757666E+04      7.5100063021665597E-01      2.7268619711641770E-18      1.8466577708622608E-05      6.2235992512543192E-02
 2.6252987448807067E+04      7.5100063021665842E-01      2.7268619711654859E-18      1.8466577689464667E-05      6.2235992512555238E-02
 3.9709877024539208E+04      7.5100063021666774E-01      2.7268619711707179E-18      1.8466577614566169E-05      6.2235992512602319E-02
 5.3166766600271345E+04      7.5100063021667696E-01      2.7268619711760716E-18      1.8466577539667666E-05      6.2235992512649413E-02
 1.2507597213109449E+05      7.5100063021672647E-01      2.7268619712048060E-18      1.8466577139434675E-05      6.2235992512901482E-02
 1.9698517766191764E+05      7.5100063021677588E-01      2.7268619712335305E-18      1.8466576739201697E-05      6.2235992513153794E-02
 2.6889438319274079E+05      7.5100063021682495E-01      2.7268619712622534E-18      1.8466576338968743E-05      6.2235992513406432E-02
 3.5568140561823314E+05      7.5100063021688412E-01      2.7268619712969183E-18      1.8466575855928723E-05      6.2235992513711806E-02
 4.4246842804372543E+05      7.5100063021694297E-01      2.7268619713315835E-18      1.8466575372888737E-05      6.2235992514017700E-02
 6.8328614863294596E+05      7.5100063021710484E-01      2.7268619714277656E-18      1.8466574032543496E-05      6.2235992514869193E-02
 9.2410386922216648E+05      7.5100063021726471E-01      2.7268619715239403E-18      1.8466572692198523E-05      6.2235992515724550E-02
 1.2358016151655919E+06      7.5100063021746899E-01      2.7268619716484132E-18      1.8466570957349402E-05      6.2235992516837250E-02
 1.5474993611090174E+06      7.5100063021767016E-01      2.7268619717728756E-18      1.8466569222500734E-05      6.2235992517956022E-02
 1.8591971070524429E+06      7.5100063021786834E-01      2.7268619718973254E-18      1.8466567487652518E-05      6.2235992519080630E-02
 2.8751732411827920E+06      7.5100063021849572E-01      2.7268619723029027E-18      1.8466561832932746E-05      6.2235992522784098E-02
 3.8911493753131414E+06      7.5100063021909680E-01      2.7268619727083830E-18      1.8466556178217775E-05      6.2235992526540038E-02
 4.9071255094434908E+06      7.5100063021967489E-01      2.7268619731137797E-18      1.8466550523507605E-05      6.2235992530342128E-02
 5.7420972592386920E+06      7.5100063022013486E-01      2.7268619734468966E-18      1.8466545876233486E-05      6.2235992533497334E-02
 6.5770690090338932E+06      7.5100063022058250E-01      2.7268619737799674E-18      1.8466541228962610E-05      6.2235992536677109E-02
 7.4120407588290945E+06      7.5100063022101904E-01      2.7268619741129988E-18      1.8466536581694976E-05      6.2235992539879027E-02
 8.2470125086242957E+06      7.5100063022144559E-01      2.7268619744459928E-18      1.8466531934430581E-05      6.2235992543100901E-02
 9.3085315452368520E+06      7.5100063022197505E-01      2.7268619748692895E-18      1.8466526026259771E-05      6.2235992547222646E-02
 1.0370050581849407E+07      7.5100063022249164E-01      2.7268619752925384E-18      1.8466520118094206E-05      6.2235992551369780E-02
 1.1431569618461963E+07      7.5100063022299723E-01      2.7268619757157477E-18      1.8466514209933882E-05      6.2235992555539119E-02
 1.2493088655074518E+07      7.5100063022349317E-01      2.7268619761389203E-18      1.8466508301778793E-05      6.2235992559727858E-02
 1.3554607691687074E+07      7.5100063022398056E-01      2.7268619765620621E-18      1.8466502393628939E-05      6.2235992563933577E-02
 1.4842246838886911E+07      7.5100063022456198E-01      2.7268619770753028E-18      1.8466495226958053E-05      6.2235992569054918E-02
 1.6129885986086749E+07      7.5100063022513408E-01      2.7268619775885100E-18      1.8466488060294879E-05      6.2235992574194841E-02
 1.7417525133286584E+07      7.5100063022569830E-01      2.7268619781016871E-18      1.8466480893639416E-05      6.2235992579350551E-02
 1.8705164280486420E+07      7.5100063022625585E-01      2.7268619786148400E-18      1.8466473726991665E-05      6.2235992584519680E-02
 2.0781401157864250E+07      7.5100063022714314E-01      2.7268619794422214E-18      1.8466462171240598E-05      6.2235992592877869E-02
 2.2857638035242081E+07      7.5100063022801888E-01      2.7268619802695613E-18      1.8466450615509569E-05      6.2235992601258963E-02
 2.4933874912619911E+07      7.5100063022888564E-01      2.7268619810968653E-18      1.8466439059798581E-05      6.2235992609657648E-02
 2.7010111789997742E+07      7.5100063022974561E-01      2.7268619819241438E-18      1.8466427504107641E-05      6.2235992618069863E-02
 2.9086348667375572E+07      7.5100063023060049E-01      2.7268619827514012E-18      1.8466415948436738E-05      6.2235992626492494E-02
 3.1030631328531768E+07      7.5100063023139740E-01      2.7268619835260707E-18      1.8466405127199002E-05      6.2235992634387102E-02
 3.2974913989687964E+07      7.5100063023219155E-01      2.7268619843007271E-18      1.8466394305978845E-05      6.2235992642287193E-02
 3.4919196650844157E+07      7.5100063023298347E-01      2.7268619850753739E-18      1.8466383484776261E-05      6.2235992650191585E-02
 3.6863479312000349E+07      7.5100063023377372E-01      2.7268619858500145E-18      1.8466372663591252E-05      6.2235992658099343E-02
 3.9108244644295447E+07      7.5100063023468444E-01      2.7268619867443644E-18      1.8466360170048543E-05      6.2235992667232447E-02
 4.1353009976590544E+07      7.5100063023559405E-01      2.7268619876387089E-18      1.8466347676529265E-05      6.2235992676368188E-02
 4.3597775308885641E+07      7.5100063023650243E-01      2.7268619885330476E-18      1.8466335183033414E-05      6.2235992685505913E-02
 4.5842540641180739E+07      7.5100063023741004E-01      2.7268619894273824E-18      1.8466322689560991E-05      6.2235992694645116E-02
 4.8087305973475836E+07      7.5100063023831698E-01      2.7268619903217122E-18      1.8466310196111994E-05      6.2235992703785430E-02
 5.1175129983381234E+07      7.5100063023956398E-01      2.7268619915519177E-18      1.8466293010580259E-05      6.2235992716359864E-02
 5.4262953993286632E+07      7.5100063024081043E-01      2.7268619927821186E-18      1.8466275825092847E-05      6.2235992728935367E-02
 5.7350778003192030E+07      7.5100063024205654E-01      2.7268619940123140E-18      1.8466258639649762E-05      6.2235992741511585E-02
 6.0438602013097428E+07      7.5100063024330233E-01      2.7268619952425060E-18      1.8466241454251008E-05      6.2235992754088289E-02
 6.4836985340641230E+07      7.5100063024507613E-01      2.7268619969948184E-18      1.8466216974962424E-05      6.2235992772003437E-02
 6.9235368668185040E+07      7.5100063024684971E-01      2.7268619987471223E-18      1.8466192495763784E-05      6.2235992789918947E-02
 7.3633751995728850E+07      7.5100063024862329E-01      2.7268620004994204E-18      1.8466168016655082E-05      6.2235992807834629E-02
 7.8032135323272660E+07      7.5100063025039665E-01      2.7268620022517116E-18      1.8466143537636322E-05      6.2235992825750409E-02
 8.2430518650816470E+07      7.5100063025216990E-01      2.7268620040039950E-18      1.8466119058707499E-05      6.2235992843666210E-02
 8.8738830776894078E+07      7.5100063025471286E-01      2.7268620065171688E-18      1.8466083950345745E-05      6.2235992869361642E-02
 9.5047142902971685E+07      7.5100063025725572E-01      2.7268620090303282E-18      1.8466048842168990E-05      6.2235992895057025E-02
 1.0135545502904929E+08      7.5100063025979846E-01      2.7268620115434742E-18      1.8466013734177237E-05      6.2235992920752339E-02
 1.0766376715512690E+08      7.5100063026234098E-01      2.7268620140566067E-18      1.8465978626370482E-05      6.2235992946447563E-02
 1.2373898718313843E+08      7.5100063026881925E-01      2.7268620204606593E-18      1.8465889163384038E-05      6.2235993011925284E-02
 1.3981420721114996E+08      7.5100063027529629E-01      2.7268620268646217E-18      1.8465799701598884E-05      6.2235993077402393E-02
 1.5588942723916149E+08      7.5100063028177222E-01      2.7268620332684944E-18      1.8465710241014998E-05      6.2235993142878886E-02
 2.5302024487938797E+08      7.5100063032087638E-01      2.7268620719605071E-18      1.8465169721580401E-05      6.2235993538492532E-02
 3.5015106251961446E+08      7.5100063035993836E-01      2.7268621106492403E-18      1.8464629245996601E-05      6.2235993934083848E-02
 1.3214592389218793E+09      7.5100063074613044E-01      2.7268624971924736E-18      1.8459229089901272E-05      6.2235997887654049E-02
 2.2927674153241444E+09      7.5100063112951387E-01      2.7268628835174925E-18      1.8453831851716366E-05      6.2236001839737994E-02
 3.2640755917264094E+09      7.5100063150915519E-01      2.7268632695517457E-18      1.8448438501140631E-05      6.2236005789841758E-02
 1.2977157355749060E+10      7.5100063487018842E-01      2.7268670960557113E-18      1.8394957333407152E-05      6.2236045060470813E-02
 2.2690239119771709E+10      7.5100063795574412E-01      2.7268709011535561E-18      1.8341762405582622E-05      6.2236084185289260E-02
 3.2403320883794357E+10      7.5100064067676275E-01      2.7268746779189835E-18      1.8288946288014234E-05      6.2236123117134202E-02
 6.1627421769123001E+10      7.5100064473296602E-01      2.7268857200459982E-18      1.8134329799018549E-05      6.2236238065483583E-02
 9.0851522654451645E+10      7.5100064645863540E-01      2.7268965809594888E-18      1.7982136489978253E-05      6.2236351779080955E-02
 1.2007562353978029E+11      7.5100064514474363E-01      2.7269072054413956E-18      1.7833104346822155E-05      6.2236463881693543E-02
 1.5494773907667606E+11      7.5100063937744088E-01      2.7269195565020597E-18      1.7659638290941052E-05      6.2236595423098701E-02
 1.8981985461357184E+11      7.5100062908741960E-01      2.7269315555214042E-18      1.7490878984642789E-05      6.2236724565120270E-02
 2.9327031684532471E+11      7.5100057364506689E-01      2.7269652104872521E-18      1.7016193579097933E-05      6.2237094439865352E-02
 3.9672077907707758E+11      7.5100048369245653E-01      2.7269961750366599E-18      1.6577479470180746E-05      6.2237445963694592E-02
 4.9560075665939502E+11      7.5100036778484947E-01      2.7270234364897136E-18      1.6189367913038587E-05      6.2237766024348232E-02
 5.9448073424171252E+11      7.5100022548339440E-01      2.7270486365339193E-18      1.5828817946994978E-05      6.2238072012264563E-02
 6.9336071182403003E+11      7.5100005939321135E-01      2.7270719766340942E-18      1.5493136494852620E-05      6.2238365295972098E-02
 8.1184609621494177E+11      7.5099983210612864E-01      2.7270977321778810E-18      1.5120478348630931E-05      6.2238701611433106E-02
 9.3033148060585352E+11      7.5099957702093234E-01      2.7271213096719190E-18      1.4776943197112697E-05      6.2239023034170213E-02
 1.0488168649967653E+12      7.5099929689533107E-01      2.7271429230808183E-18      1.4459670651818546E-05      6.2239331020048173E-02
 1.2189274427034727E+12      7.5099885574060399E-01      2.7271708928674963E-18      1.4045087613638402E-05      6.2239752246098290E-02
 1.3890380204101802E+12      7.5099837402737879E-01      2.7271956735752654E-18      1.3673149356677231E-05      6.2240151628177823E-02
 1.5591485981168877E+12      7.5099785681959375E-01      2.7272176597145210E-18      1.3338581520162043E-05      6.2240531856073873E-02
 1.7292591758235952E+12      7.5099730841609535E-01      2.7272371866826468E-18      1.3036899950618501E-05      6.2240895218190928E-02
 1.9698554426330205E+12      7.5099648655152662E-01      2.7272611555971123E-18      1.2659016573514244E-05      6.2241384096947683E-02
 2.2104517094424458E+12      7.5099561825321071E-01      2.7272814540424404E-18      1.2330221451709645E-05      6.2241847767939160E-02
 2.4510479762518711E+12      7.5099471059875766E-01      2.7272986368598148E-18      1.2043095910078309E-05      6.2242290025770829E-02
 2.6916442430612964E+12      7.5099376936201523E-01      2.7273131575301239E-18      1.1791576264537043E-05      6.2242713974745012E-02
 2.9322405098707217E+12      7.5099279929687590E-01      2.7273253901028151E-18      1.1570660704387804E-05      6.2243122177747752E-02
 3.2016494422300371E+12      7.5099168374287095E-01      2.7273367578349903E-18      1.1354451698149846E-05      6.2243563223050455E-02
 3.4710583745893525E+12      7.5099054165399293E-01      2.7273460146794022E-18      1.1166478432362429E-05      6.2243989725259991E-02
 3.7404673069486680E+12      7.5098937685228073E-01      2.7273534628321438E-18      1.1002699395366063E-05      6.2244403760001184E-02
 4.0098762393079834E+12      7.5098819253327231E-01      2.7273593553197468E-18      1.0859730524714218E-05      6.2244807066437181E-02
 4.3651076800386602E+12      7.5098660558981456E-01      2.7273651025263860E-18      1.0698271923856538E-05      6.2245324896287237E-02
 4.7203391207693369E+12      7.5098499444575739E-01      2.7273689172505587E-18      1.0562665653391233E-05      6.2245829387033727E-02
 5.0755705615000137E+12      7.5098336324229498E-01      2.7273711287219408E-18      1.0448507984749148E-05      6.2246322806175515E-02
 5.4308020022306904E+12      7.5098171533961344E-01      2.7273720044397080E-18      1.0352220737298128E-05      6.2246806997302291E-02
 5.7860334429613672E+12      7.5098005347561458E-01      2.7273717626385052E-18      1.0270884593401709E-05      6.2247283465427489E-02
 6.2208575011555947E+12      7.5097800353650657E-01      2.7273702074958822E-18      1.0188170930717917E-05      6.2247857985469369E-02
 6.6556815593498223E+12      7.5097593941404817E-01      2.7273675155882704E-18      1.0120666544754215E-05      6.2248424644388033E-02
 7.0905056175440498E+12      7.5097386378163578E-01      2.7273639006295141E-18      1.0065512329432972E-05      6.2248984918164552E-02
 7.5253296757382773E+12      7.5097177878837851E-01      2.7273595345484456E-18      1.0020408134086144E-05      6.2249539994635145E-02
 8.1182703911959189E+12      7.5096892360923273E-01      2.7273526163694180E-18      9.9718070999737732E-06      6.2250290240207638E-02
 8.7112111066535605E+12      7.5096605765707669E-01      2.7273448326414311E-18      9.9347877106966717E-06      6.2251034492796536E-02
 9.3041518221112012E+12      7.5096318354916847E-01      2.7273363930902360E-18      9.9065440092178541E-06      6.2251774202555760E-02
 9.8970925375688418E+12      7.5096030325267582E-01      2.7273274554257290E-18      9.8849659326570569E-06      6.2252510460241023E-02
 1.0490033253026482E+13      7.5095741824290130E-01      2.7273181379778558E-18      9.8684702720320375E-06      6.2253244084433716E-02
 1.1208031000765633E+13      7.5095392004520123E-01      2.7273064752325367E-18      9.8535832616085264E-06      6.2254129799119776E-02
 1.1926028748504781E+13      7.5095041805338203E-01      2.7272945057037630E-18      9.8428024131173016E-06      6.2255013382713262E-02
 1.2644026496243930E+13      7.5094691331978303E-01      2.7272823138531353E-18      9.8349976382656752E-06      6.2255895419695818E-02
 1.3362024243983078E+13      7.5094340660731718E-01      2.7272699609191938E-18      9.8293495686218927E-06      6.2256776333865720E-02
 1.4313914835818232E+13      7.5093875539600063E-01      2.7272534069009364E-18      9.8242324205967756E-06      6.2257942974556932E-02
 1.5265805427653387E+13      7.5093410256177062E-01      2.7272367186887542E-18      9.8209132686633197E-06      6.2259108672479080E-02
 1.6217696019488541E+13      7.5092944872262590E-01      2.7272199458983617E-18      9.8187282536703974E-06      6.2260273771026935E-02
 1.7691493321267719E+13      7.5092224215836201E-01      2.7271938810116487E-18      9.8166324304251719E-06      6.2262076983960718E-02
 1.9165290623046895E+13      7.5091503488025868E-01      2.7271677494796199E-18      9.8154342588096081E-06      6.2263879702115443E-02
 2.0639087924826070E+13      7.5090782723264837E-01      2.7271415789526538E-18      9.8147637729174374E-06      6.2265682116882527E-02
 2.2112885226605246E+13      7.5090061942349107E-01      2.7271153861299529E-18      9.8143975353799651E-06      6.2267484343849988E-02
 2.4469823047657680E+13      7.5088909247710012E-01      2.7270734771228713E-18      9.8141013066625890E-06      6.2270366302619215E-02
 2.6826760868710113E+13      7.5087756574891340E-01      2.7270315617897389E-18      9.8139048857967649E-06      6.2273248131981471E-02
 2.9183698689762547E+13      7.5086603932802487E-01      2.7269896472852871E-18      9.8137125412687324E-06      6.2276129881461889E-02
 3.5316776829980297E+13      7.5083604743006760E-01      2.7268805840772999E-18      9.8132278540538983E-06      6.2283628219466397E-02
 4.1449854970198047E+13      7.5080605761281194E-01      2.7267715265021119E-18      9.8127704614558670E-06      6.2291126016824544E-02
 9.1804142246732781E+13      7.5055998324086570E-01      2.7258766744198823E-18      9.8091058790584153E-06      6.2352647358246305E-02
 1.4215842952326750E+14      7.5031400337735055E-01      2.7249821664098579E-18      9.8054417579840176E-06      6.2414145072214294E-02
 1.9251271679980222E+14      7.5006814945000300E-01      2.7240881179165709E-18      9.8017794572142725E-06      6.2475611300775148E-02
 6.9605558956514950E+14      7.4762429945480191E-01      2.7152010900601549E-18      9.7653766539236763E-06      6.3086601101662018E-02
 1.1995984623304968E+15      7.4518976174053164E-01      2.7063480025981108E-18      9.7291147948346771E-06      6.3695262726608221E-02
 1.7031413350958440E+15      7.4276756835386482E-01      2.6975398805632340E-18      9.6930390446537798E-06      6.4300838130072077E-02
 2.6163171730902615E+15      7.3840912149302163E-01      2.6816909105277473E-18      9.6281307418773531E-06      6.5390498526482335E-02
 3.5294930110846790E+15      7.3409496388976958E-01      2.6660032342440999E-18      9.5638893213463413E-06      6.6469086108333769E-02
 6.2758201738266270E+15      7.2138101696411916E-01      2.6197725950307187E-18      9.3746114288302722E-06      6.9647714798088317E-02
 9.0221473365685760E+15      7.0904594962809586E-01      2.5749216346582799E-18      9.1910384563634588E-06      7.2731619311751330E-02
 1.1939700243356226E+16      6.9634308418818303E-01      2.5287353904155116E-18      9.0020614742405806E-06      7.5907477404394963E-02
 1.4857253150143876E+16      6.8403491582071263E-01      2.4839862055392014E-18      8.8190271437027143E-06      7.8984656771944550E-02
 1.7774806056931526E+16      6.7210273282707400E-01      2.4406058656364648E-18      8.6416540951436329E-06      8.1967835550079707E-02
 2.1860242113410368E+16      6.5599380540999774E-01      2.3820435700279060E-18      8.4023090282392166E-06      8.5995246913071449E-02
 2.5945678169889212E+16      6.4054614215905259E-01      2.3258883696006209E-18      8.1729218270832597E-06      8.9857334766139565E-02
 3.0031114226368056E+16      6.2572069183276013E-01      2.2719979216421922E-18      7.9529049699215823E-06      9.3563862360294223E-02
 3.1536000000000000E+16      6.2040906266584073E-01      2.2526908611370006E-18      7.8741107194198227E-06      9.4891828747691184E-02
 3.1536000000000000E+16      6.2040906266584073E-01      2.2526908611370006E-18      7.8741107194198227E-06      9.4891828747691184E-02
