# time[s]                    Y(     p )                  Y(     d )                  Y(   he3 )                  Y(   he4 )
 0.0000000000000000E+00      7.5101909679447143E-01      2.4770607655166865E-05      0.0000000000000000E+00      6.2232840497554641E-02
 9.9999999999999998E-13      7.5101909679447088E-01      2.4770607649204725E-05      2.7523330440364014E-15      6.2232840497554641E-02
 2.0000000000000000E-12      7.5101909679447032E-01      2.4770607643242589E-05      5.5046660874508468E-15      6.2232840497554641E-02
 3.0000000000000001E-12      7.5101909679446976E-01      2.4770607637280460E-05      8.2569991300360178E-15      6.2232840497554641E-02
 1.3000000000000000E-11      7.5101909679446366E-01      2.4770607577659467E-05      3.5780329458448299E-14      6.2232840497554641E-02
 2.2999999999999998E-11      7.5101909679445755E-01      2.4770607518038695E-05      6.3303659724665181E-14      6.2232840497554641E-02
 3.2999999999999996E-11      7.5101909679445145E-01      2.4770607458418214E-05      9.0826989907954942E-14      6.2232840497554641E-02
 1.3299999999999998E-10      7.5101909679439061E-01      2.4770606862247922E-05      3.6606028199724941E-13      6.2232840497554641E-02
 2.3299999999999997E-10      7.5101909679432977E-01      2.4770606266099638E-05      6.4129356786721525E-13      6.2232840497554641E-02
 3.3299999999999999E-10      7.5101909679426881E-01      2.4770605669980693E-05      9.1652684544480152E-13      6.2232840497554641E-02
 5.8588120344711754E-10      7.5101909679411427E-01      2.4770604162755874E-05      1.6125399999332636E-12      6.2232840497554641E-02
 8.3876240689423509E-10      7.5101909679395962E-01      2.4770602655671550E-05      2.3085531146536197E-12      6.2232840497554641E-02
 1.0916436103413525E-09      7.5101909679380474E-01      2.4770601148774458E-05      3.0045661763507841E-12      6.2232840497554641E-02
 1.3973490179118726E-09      7.5101909679361745E-01      2.4770599327374419E-05      3.8459689153255720E-12      6.2232840497554648E-02
 1.7030544254823927E-09      7.5101909679342971E-01      2.4770597506278401E-05      4.6873715680762658E-12      6.2232840497554662E-02
 2.5334734915349912E-09      7.5101909679291834E-01      2.4770592560993822E-05      6.9729597634375301E-12      6.2232840497554683E-02
 3.3638925575875897E-09      7.5101909679240464E-01      2.4770587617967439E-05      9.2585473160756853E-12      6.2232840497554710E-02
 7.6848627591151771E-09      7.5101909678969514E-01      2.4770561933787464E-05      2.1151274129323922E-11      6.2232840497555009E-02
 1.2005832960642764E-08      7.5101909678692536E-01      2.4770536309725510E-05      3.3043983546689123E-11      6.2232840497555564E-02
 1.7559786523525605E-08      7.5101909678327772E-01      2.4770503461166788E-05      4.8330236962731653E-11      6.2232840497556625E-02
 2.3113740086408446E-08      7.5101909677953305E-01      2.4770470709260976E-05      6.3616461678311756E-11      6.2232840497558083E-02
 2.8667693649291286E-08      7.5101909677569301E-01      2.4770438052309936E-05      7.8902657719449368E-11      6.2232840497559928E-02
 4.1362313234304646E-08      7.5101909676656697E-01      2.4770363756495518E-05      1.1384206515168864E-10      6.2232840497565653E-02
 5.4056932819318000E-08      7.5101909675697043E-01      2.4770289929539444E-05      1.4878132321535691E-10      6.2232840497573452E-02
 6.6751552404331353E-08      7.5101909674692136E-01      2.4770216553467421E-05      1.8372043221327239E-10      6.2232840497583326E-02
 8.9974672682304863E-08      7.5101909672742351E-01      2.4770083431814546E-05      2.4763650631192249E-10      6.2232840497606759E-02
 1.1319779296027837E-07      7.5101909670656852E-01      2.4769951661454816E-05      3.1155208441446858E-10      6.2232840497637130E-02
 1.3642091323825187E-07      7.5101909668444944E-01      2.4769821149393910E-05      3.7546716836431419E-10      6.2232840497674455E-02
 1.5964403351622538E-07      7.5101909666115296E-01      2.4769691809031220E-05      4.3938175998901175E-10      6.2232840497718711E-02
 1.9902674950030799E-07      7.5101909661917909E-01      2.4769474922237194E-05      5.4776961492925166E-10      6.2232840497809618E-02
 2.3840946548439061E-07      7.5101909657440657E-01      2.4769260817553003E-05      6.5615606778311657E-10      6.2232840497920452E-02
 2.7779218146847320E-07      7.5101909652715249E-01      2.4769049177683918E-05      7.6454112685072095E-10      6.2232840498051216E-02
 3.1717489745255578E-07      7.5101909647769816E-01      2.4768839721641719E-05      8.7292480008854669E-10      6.2232840498201901E-02
 3.5655761343663837E-07      7.5101909642629217E-01      2.4768632200577696E-05      9.8130709508126138E-10      6.2232840498372494E-02
 4.0471906965678215E-07      7.5101909636109487E-01      2.4768380731512385E-05      1.1138468567729950E-09      6.2232840498608152E-02
 4.5288052587692592E-07      7.5101909629366004E-01      2.4768131475257741E-05      1.2463845803635363E-09      6.2232840498873544E-02
 5.0104198209706975E-07      7.5101909622429186E-01      2.4767884127552611E-05      1.3789202772848206E-09      6.2232840499168642E-02
 5.4920343831721357E-07      7.5101909615325257E-01      2.4767638426062848E-05      1.5114539580767609E-09      6.2232840499493437E-02
 5.9736489453735740E-07      7.5101909608076822E-01      2.4767394144609066E-05      1.6439856324153874E-09      6.2232840499847918E-02
 6.5417847664418992E-07      7.5101909599366945E-01      2.4767107539257669E-05      1.8003238351596863E-09      6.2232840500304212E-02
 7.1099205875102244E-07      7.5101909590510363E-01      2.4766822366473733E-05      1.9566592711830598E-09      6.2232840500801759E-02
 7.6780564085785496E-07      7.5101909581529902E-01      2.4766538397861524E-05      2.1129919521897849E-09      6.2232840501340515E-02
 8.2461922296468748E-07      7.5101909572444769E-01      2.4766255441523992E-05      2.2693218885878998E-09      6.2232840501920461E-02
 9.1046000178670945E-07      7.5101909558554303E-01      2.4765829487142030E-05      2.5055187337068885E-09      6.2232840502874767E-02
 9.9630078060873142E-07      7.5101909544505951E-01      2.4765405032582097E-05      2.7417093612773919E-09      6.2232840503922922E-02
 1.0821415594307534E-06      7.5101909530334376E-01      2.4764981731356435E-05      2.9778937937573468E-09      6.2232840505064814E-02
 1.1679823382527753E-06      7.5101909516066168E-01      2.4764559317751127E-05      3.2140720494853680E-09      6.2232840506300353E-02
 1.2538231170747973E-06      7.5101909501721664E-01      2.4764137588559519E-05      3.4502441433453605E-09      6.2232840507629443E-02
 1.3368319475742238E-06      7.5101909487792640E-01      2.4763730275360694E-05      3.6786189030007320E-09      6.2232840509003552E-02
 1.4198407780736502E-06      7.5101909473817807E-01      2.4763323346845891E-05      3.9069879207027195E-09      6.2232840510464953E-02
 1.5028496085730767E-06      7.5101909459805516E-01      2.4762916719576410E-05      4.1353512034864428E-09      6.2232840512013547E-02
 1.5858584390725031E-06      7.5101909445762272E-01      2.4762510328476544E-05      4.3637087570099264E-09      6.2232840513649239E-02
 1.6832201323238086E-06      7.5101909429258173E-01      2.4762033902719463E-05      4.6315437862259678E-09      6.2232840515678609E-02
 1.7805818255751142E-06      7.5101909412724721E-01      2.4761557670142702E-05      4.8993709454505369E-09      6.2232840517827522E-02
 1.8779435188264197E-06      7.5101909396166588E-01      2.4761081584058169E-05      5.1671902389189846E-09      6.2232840520095839E-02
 1.9753052120777252E-06      7.5101909379587195E-01      2.4760605610185647E-05      5.4350016697087114E-09      6.2232840522483408E-02
 2.0726669053290306E-06      7.5101909362989083E-01      2.4760129723459568E-05      5.7028052399962454E-09      6.2232840524990077E-02
 2.2068647854796689E-06      7.5101909340083917E-01      2.4759473896912714E-05      6.0719177325988157E-09      6.2232840528640074E-02
 2.3410626656303072E-06      7.5101909317150195E-01      2.4758818166278846E-05      6.4410152967332060E-09      6.2232840532515675E-02
 2.4752605457809455E-06      7.5101909294190228E-01      2.4758162509020522E-05      6.8100979333604961E-09      6.2232840536616499E-02
 2.6094584259315838E-06      7.5101909271205536E-01      2.4757506910146830E-05      7.1791656425093402E-09      6.2232840540942150E-02
 2.8064367236950717E-06      7.5101909237425413E-01      2.4756544695659472E-05      7.7208634744431462E-09      6.2232840547697822E-02
 3.0034150214585596E-06      7.5101909203596362E-01      2.4755582565914480E-05      8.2625291402082219E-09      6.2232840554935852E-02
 3.2003933192220475E-06      7.5101909169719672E-01      2.4754620509076474E-05      8.8041626349968267E-09      6.2232840562655024E-02
 3.5427226855748550E-06      7.5101909110734122E-01      2.4752948702901285E-05      9.7453930768396875E-09      6.2232840577210277E-02
 3.8850520519276621E-06      7.5101909051608540E-01      2.4751277089306592E-05      1.0686526297750239E-08      6.2232840593208029E-02
 4.4498851528232210E-06      7.5101908953750063E-01      2.4748519386101592E-05      1.2239155008119101E-08      6.2232840622739344E-02
 5.0147182537187799E-06      7.5101908855517163E-01      2.4745762185462979E-05      1.3791518797325656E-08      6.2232840656152019E-02
 5.9526287327105268E-06      7.5101908691580510E-01      2.4741184932992828E-05      1.6368647393899092E-08      6.2232840720143109E-02
 6.8905392117022737E-06      7.5101908526631689E-01      2.4736609055147839E-05      1.8945044495368379E-08      6.2232840794644910E-02
 7.8284496906940198E-06      7.5101908360683745E-01      2.4732034550389245E-05      2.1520709419090648E-08      6.2232840879528815E-02
 9.8846929796691624E-06      7.5101907993449390E-01      2.4722010354318797E-05      2.7164943970828408E-08      6.2232841101162867E-02
 1.1940936268644305E-05      7.5101907621619524E-01      2.4711992726544172E-05      3.2805648933042529E-08      6.2232841370665433E-02
 1.4292635667545998E-05      7.5101907190854689E-01      2.4700543723816534E-05      3.9252518997253975E-08      6.2232841736336621E-02
 1.6644335066447693E-05      7.5101906754392744E-01      2.4689103261628818E-05      4.5694757619253339E-08      6.2232842161535573E-02
 1.8996034465349387E-05      7.5101906312422229E-01      2.4677671309632440E-05      5.2132356456260419E-08      6.2232842644408315E-02
 2.5386059783575880E-05      7.5101905085060161E-01      2.4646651225271799E-05      6.9601078894929849E-08      6.2232844234180365E-02
 3.1776085101802370E-05      7.5101903821615701E-01      2.4615693232559990E-05      8.7035369154890006E-08      6.2232846204609275E-02
 3.8166110420028861E-05      7.5101902525134090E-01      2.4584796838839412E-05      1.0443513026570418E-07      6.2232848525694773E-02
 4.5661977598861978E-05      7.5101900965982693E-01      2.4548631486016310E-05      1.2480194191968276E-07      6.2232851657888243E-02
 5.3157844777695096E-05      7.5101899369394565E-01      2.4512549589131788E-05      1.4512106153971484E-07      6.2232855193442314E-02
 6.0653711956528214E-05      7.5101897739100687E-01      2.4476550531243217E-05      1.6539245375210152E-07      6.2232859095482589E-02
 6.8149579135361331E-05      7.5101896078497188E-01      2.4440633743513074E-05      1.8561611507558007E-07      6.2232863330404502E-02
 7.9312523616629767E-05      7.5101893555929988E-01      2.4387297348653142E-05      2.1564504760212092E-07      6.2232870188666044E-02
 9.0475468097898202E-05      7.5101890982076680E-01      2.4334140655973913E-05      2.4556835397780414E-07      6.2232877627192346E-02
 1.0163841257916664E-04      7.5101888364860614E-01      2.4281162229374943E-05      2.7538630189659926E-07      6.2232885567222680E-02
 1.1280135706043507E-04      7.5101885711146410E-01      2.4228360765160376E-05      3.0509923782051731E-07      6.2232893940378058E-02
 1.2396430154170351E-04      7.5101883026889205E-01      2.4175735068673998E-05      3.3470757032303643E-07      6.2232902687208859E-02
 1.3848141259519535E-04      7.5101879498828072E-01      2.4107557868979600E-05      3.7305670050014413E-07      6.2232914536813476E-02
 1.5299852364868718E-04      7.5101875937503804E-01      2.4039673820367678E-05      4.1123079204114216E-07      6.2232926834080556E-02
 1.6751563470217902E-04      7.5101872350999288E-01      2.3972080838641682E-05      4.4923101420910690E-07      6.2232939497627815E-02
 1.8203274575567086E-04      7.5101868746041933E-01      2.3904776970055091E-05      4.8705858758615874E-07      6.2232952459459645E-02
 1.9654985680916270E-04      7.5101865128233503E-01      2.3837760362498861E-05      5.2471476536051291E-07      6.2232965662714183E-02
 2.1238181272999760E-04      7.5101861173584228E-01      2.3764999304278908E-05      5.6558764859175936E-07      6.2232980281126858E-02
 2.2821376865083250E-04      7.5101857214208512E-01      2.3692575571356421E-05      6.0625985198055961E-07      6.2232995078713861E-02
 2.4404572457166739E-04      7.5101853254186879E-01      2.3620487014826986E-05      6.4673303436578998E-07      6.2233010013336379E-02
 2.5987768049250229E-04      7.5101849296863965E-01      2.3548731536496258E-05      6.8700884488695663E-07      6.2233025050189926E-02
 2.8097554954321409E-04      7.5101844032127862E-01      2.3453623391081642E-05      7.4037696658014845E-07      6.2233045198535453E-02
 3.0207341859392589E-04      7.5101838782139796E-01      2.3359098302121944E-05      7.9340129519586391E-07      6.2233065423227749E-02
 3.2317128764463768E-04      7.5101833550843411E-01      2.3265151550574754E-05      8.4608557202463532E-07      6.2233085681658494E-02
 3.4426915669534948E-04      7.5101828341220123E-01      2.3171778474853034E-05      8.9843346480231606E-07      6.2233105940904532E-02
 3.6536702574606128E-04      7.5101823155502145E-01      2.3078974460941872E-05      9.5044856742927030E-07      6.2233126175607639E-02
 3.8904125475060951E-04      7.5101817367061097E-01      2.2975509586649908E-05      1.0084236094320657E-06      6.2233148827713261E-02
 4.1271548375515775E-04      7.5101811612534042E-01      2.2872749073753737E-05      1.0659889214760181E-06      6.2233171402997847E-02
 4.3638971275970599E-04      7.5101805893099249E-01      2.2770686568072218E-05      1.1231492653365770E-06      6.2233193885743041E-02
 4.6006394176425423E-04      7.5101800209552838E-01      2.2669315768598026E-05      1.1799093022381941E-06      6.2233216264168417E-02
 4.9014385216237415E-04      7.5101793040712583E-01      2.2541504396172355E-05      1.2514569907507258E-06      6.2233244533660366E-02
 5.2022376256049413E-04      7.5101785931165499E-01      2.2414786918521087E-05      1.3223749614612757E-06      6.2233272607832728E-02
 5.5030367295861411E-04      7.5101778881074721E-01      2.2289150790140624E-05      1.3926721556633792E-06      6.2233300477933032E-02
 5.8038358335673408E-04      7.5101771890311031E-01      2.2164583612300901E-05      1.4623573097139812E-06      6.2233328138360404E-02
 6.1046349375485406E-04      7.5101764958540751E-01      2.2041073136621093E-05      1.5314389678771046E-06      6.2233355585767688E-02
 6.5054837363177833E-04      7.5101755812059734E-01      2.1878102973059299E-05      1.6225745273279461E-06      6.2233391828304140E-02
 6.9063325350870260E-04      7.5101746768195476E-01      2.1716959702501866E-05      1.7126725227506311E-06      6.2233427687629100E-02
 7.3071813338562686E-04      7.5101737825454029E-01      2.1557615615965588E-05      1.8017517659016679E-06      6.2233463164323759E-02
 7.7080301326255113E-04      7.5101728982257765E-01      2.1400043493518366E-05      1.8898305853733541E-06      6.2233498260284084E-02
 8.3383311943599882E-04      7.5101715274507097E-01      2.1155794286889546E-05      2.0263464949178964E-06      6.2233552682632136E-02
 8.9686322560944651E-04      7.5101701802596954E-01      2.0915759018289290E-05      2.1604999508711094E-06      6.2233606183447331E-02
 9.5989333178289420E-04      7.5101688560288204E-01      2.0679838892967848E-05      2.2923557877542071E-06      6.2233658777264327E-02
 1.0737001889932307E-03      7.5101665212040081E-01      2.0263978648743437E-05      2.5248139023882001E-06      6.2233751493014258E-02
 1.1875070462035672E-03      7.5101642557975490E-01      1.9860679937643748E-05      2.7503324064538032E-06      6.2233841396055423E-02
 1.3013139034139037E-03      7.5101620565713623E-01      1.9469428287509854E-05      2.9692366526617990E-06      6.2233928579375007E-02
 1.4151207606242402E-03      7.5101599204928016E-01      1.9089735015326157E-05      3.1818314604794888E-06      6.2234013133324197E-02
 1.6128789180901858E-03      7.5101563506681190E-01      1.8456097330261920E-05      3.5370701337284707E-06      6.2234154063084850E-02
 1.8106370755561314E-03      7.5101529493923391E-01      1.7853709093366266E-05      3.8754788602880026E-06      6.2234287759240538E-02
 2.0083952330220770E-03      7.5101497042356380E-01      1.7280474488746966E-05      4.1983038260172424E-06      6.2234414643297604E-02
 2.2312218001085227E-03      7.5101462206614777E-01      1.6667087880905733E-05      4.5447929180786115E-06      6.2234549948521879E-02
 2.4540483671949683E-03      7.5101429066047209E-01      1.6085747360603751E-05      4.8743714680620999E-06      6.2234677645788376E-02
 2.6768749342814140E-03      7.5101397493795463E-01      1.5534190545597520E-05      5.1883098073115053E-06      6.2234798229270076E-02
 2.8997015013678597E-03      7.5101367375688088E-01      1.5010350984244566E-05      5.4877508445737024E-06      6.2234912159453142E-02
 3.1783784218557239E-03      7.5101331598539223E-01      1.4391349270908123E-05      5.8434092210866143E-06      6.2235045933864176E-02
 3.4570553423435881E-03      7.5101297753632235E-01      1.3809384409517584E-05      6.1798154184829455E-06      6.2235170746716924E-02
 3.7357322628314522E-03      7.5101265680563745E-01      1.3261438701231654E-05      6.4985729026848686E-06      6.2235287305577161E-02
 4.0144091833193164E-03      7.5101235237386565E-01      1.2744806674474248E-05      6.8011000753072438E-06      6.2235396254947492E-02
 4.2930861038071805E-03      7.5101206297865430E-01      1.2257055058300690E-05      7.0886578417339187E-06      6.2235498182368731E-02
 4.5928144245208202E-03      7.5101176721284879E-01      1.1762180002678965E-05      7.3825203460957274E-06      6.2235600585173426E-02
 4.8925427452344598E-03      7.5101148627644176E-01      1.1295706178486074E-05      7.6616266604119962E-06      6.2235696092894248E-02
 5.1922710659480995E-03      7.5101121904848012E-01      1.0855418847112027E-05      7.9270951602658710E-06      6.2235785256217681E-02
 5.4919993866617391E-03      7.5101096452421090E-01      1.0439320769936066E-05      8.1799279631388483E-06      6.2235868575276770E-02
 5.8736287567895465E-03      7.5101065741951933E-01      9.9417001394624874E-06      8.4849731948893694E-06      6.2235966916664748E-02
 6.2552581269173539E-03      7.5101036779038621E-01      9.4770486352235299E-06      8.7726433169768684E-06      6.2236057361235858E-02
 6.6368874970451613E-03      7.5101009416970010E-01      9.0424132471980536E-06      9.0444000796982119E-06      6.2236140659898263E-02
 7.0185168671729687E-03      7.5100983525963905E-01      8.6351751627961036E-06      9.3015361257935143E-06      6.2236217480845943E-02
 7.4001462373007761E-03      7.5100958990821109E-01      8.2530064150128644E-06      9.5451984984675249E-06      6.2236288419429069E-02
 7.7634939988441287E-03      7.5100936796732298E-01      7.9105366209915937E-06      9.7656058935773083E-06      6.2236350980986697E-02
 8.1268417603874814E-03      7.5100915658680512E-01      7.5872958761281180E-06      9.9755218187184472E-06      6.2236409105156397E-02
 8.4901895219308340E-03      7.5100895504774834E-01      7.2818343983166361E-06      1.0175661544966516E-05      6.2236463162798614E-02
 8.8535372834741867E-03      7.5100876269815908E-01      6.9928403571281103E-06      1.0366673635316662E-05      6.2236513488948160E-02
 9.2660546563721573E-03      7.5100855470976635E-01      6.6831983965974991E-06      1.0573214395562813E-05      6.2236566484799541E-02
 9.6785720292701279E-03      7.5100835701767910E-01      6.3916814946630973E-06      1.0769529945406852E-05      6.2236615459875286E-02
 1.0091089402168098E-02      7.5100816891108402E-01      6.1168752315622430E-06      1.0956326944560497E-05      6.2236660772180916E-02
 1.0503606775066069E-02      7.5100798974655181E-01      5.8575057413424247E-06      1.1134244947491107E-05      6.2236702742722846E-02
 1.0916124147964040E-02      7.5100781894021185E-01      5.6124235442460958E-06      1.1303864216398346E-05      6.2236741659696941E-02
 1.1352259181255904E-02      7.5100764685510790E-01      5.3676942375727184E-06      1.1474755224420847E-05      6.2236779771456217E-02
 1.1788394214547769E-02      7.5100748294535424E-01      5.1366583271821701E-06      1.1637529888483735E-05      6.2236815035833275E-02
 1.2224529247839634E-02      7.5100732668950498E-01      4.9183096572507732E-06      1.1792706221008495E-05      6.2236847700316629E-02
 1.2660664281131499E-02      7.5100717761099056E-01      4.7117356324089295E-06      1.1940757601148795E-05      6.2236877987690363E-02
 1.3185089261257082E-02      7.5100700724306879E-01      4.4777683353209219E-06      1.2109955642257502E-05      6.2236911541036784E-02
 1.3709514241382666E-02      7.5100684593190847E-01      4.2583286272669299E-06      1.2270163609556910E-05      6.2236942259072968E-02
 1.4233939221508250E-02      7.5100669305090362E-01      4.0522484564034057E-06      1.2422003719285709E-05      6.2236970419089745E-02
 1.4758364201633834E-02      7.5100654803135425E-01      3.8584787523316528E-06      1.2566040632947054E-05      6.2236996267315735E-02
 1.5282789181759418E-02      7.5100641035589288E-01      3.6760753736316589E-06      1.2702788002303461E-05      6.2237020022699145E-02
 1.5791287303598370E-02      7.5100628342737674E-01      3.5092578995891303E-06      1.2828865455634417E-05      6.2237041243158278E-02
 1.6299785425437321E-02      7.5100616256445119E-01      3.3516194505912030E-06      1.2948922490464403E-05      6.2237060839209574E-02
 1.6808283547276273E-02      7.5100604740440580E-01      3.2025193284619574E-06      1.3063319144598256E-05      6.2237078953848647E-02
 1.7316781669115225E-02      7.5100593761274126E-01      3.0613729661025926E-06      1.3172387436746243E-05      6.2237095715823650E-02
 1.7894961208103639E-02      7.5100581890673246E-01      2.9098716920070940E-06      1.3290316647345158E-05      6.2237113278220041E-02
 1.8473140747092054E-02      7.5100570632406394E-01      2.7672491342678069E-06      1.3402168143053093E-05      6.2237129394544774E-02
 1.9051320286080468E-02      7.5100559948040579E-01      2.6328563058614380E-06      1.3508323355318140E-05      6.2237144201468038E-02
 1.9629499825068883E-02      7.5100549802238670E-01      2.5061038003682716E-06      1.3609132976261658E-05      6.2237157821020184E-02
 2.0207679364057297E-02      7.5100540162453722E-01      2.3864554156089456E-06      1.3704919998031636E-05      6.2237170362278889E-02
 2.0789537523134574E-02      7.5100530941766186E-01      2.2727225011952513E-06      1.3796547764862492E-05      6.2237181993742723E-02
 2.1371395682211851E-02      7.5100522174764683E-01      2.1652329032059735E-06      1.3883672223288700E-05      6.2237192721680483E-02
 2.1953253841289128E-02      7.5100513835214466E-01      2.0635697643142802E-06      1.3966553704098752E-05      6.2237202626368796E-02
 2.2535112000366404E-02      7.5100505898764458E-01      1.9673506518913830E-06      1.4045433841292849E-05      6.2237211780080702E-02
 2.3210722683747242E-02      7.5100497159472401E-01      1.8619957298814214E-06      1.4132299262211799E-05      6.2237221552196000E-02
 2.3886333367128081E-02      7.5100488900386320E-01      1.7630047927738227E-06      1.4214397715808381E-05      6.2237230490734687E-02
 2.4561944050508919E-02      7.5100481091240656E-01      1.6699195598044609E-06      1.4292029507721773E-05      6.2237238677031161E-02
 2.5237554733889757E-02      7.5100473704092863E-01      1.5823223044078839E-06      1.4365471888291525E-05      6.2237246183495597E-02
 2.5913165417270595E-02      7.5100466713109160E-01      1.4998316732577212E-06      1.4434981180852230E-05      6.2237253074655427E-02
 2.6557050809171361E-02      7.5100460397144375E-01      1.4256468407520806E-06      1.4497783950334704E-05      6.2237259122526999E-02
 2.7200936201072126E-02      7.5100454399991934E-01      1.3555052729022174E-06      1.4557421323267700E-05      6.2237264708748873E-02
 2.7844821592972892E-02      7.5100448703705136E-01      1.2891511484629261E-06      1.4614071360071531E-05      6.2237269873606650E-02
 2.8488706984873657E-02      7.5100443291525520E-01      1.2263481139060688E-06      1.4667900330177106E-05      6.2237274653456243E-02
 2.9211176054659622E-02      7.5100437537681530E-01      1.1598376869511579E-06      1.4725132501029817E-05      6.2237279598852564E-02
 2.9933645124445588E-02      7.5100432101207393E-01      1.0972384329693588E-06      1.4779212990435122E-05      6.2237284142494118E-02
 3.0656114194231553E-02      7.5100426962925659E-01      1.0382883803103169E-06      1.4830332063242746E-05      6.2237288321742634E-02
 3.1378583264017518E-02      7.5100422104998432E-01      9.8274646042896809E-07      1.4878666693635989E-05      6.2237292170049210E-02
 3.2101052333803483E-02      7.5100417510818429E-01      9.3039057581636276E-07      1.4924381646080254E-05      6.2237295717387814E-02
 3.2852563973545072E-02      7.5100412995171517E-01      8.7909028865205412E-07      1.4969319718634768E-05      6.2237299116921926E-02
 3.3604075613286662E-02      7.5100408731901691E-01      8.3080244208299432E-07      1.5011750675273225E-05      6.2237302247142599E-02
 3.4355587253028251E-02      7.5100404705877322E-01      7.8533054987646839E-07      1.5051824641939097E-05      6.2237305132419478E-02
 3.5107098892769840E-02      7.5100400902982989E-01      7.4249299362700119E-07      1.5089681664445821E-05      6.2237307794646819E-02
 3.6069175337135780E-02      7.5100396339299891E-01      6.9123102027895465E-07      1.5135117717477378E-05      6.2237310908438349E-02
 3.7031251781501719E-02      7.5100392094175850E-01      6.4368861017711729E-07      1.5177388020685219E-05      6.2237313725484578E-02
 3.7993328225867658E-02      7.5100388144095165E-01      5.9957166974557733E-07      1.5216725902048480E-05      6.2237316277996647E-02
 3.8955404670233597E-02      7.5100384467449444E-01      5.5861258384064266E-07      1.5253345774043918E-05      6.2237318594246645E-02
 3.9917481114599536E-02      7.5100381044364994E-01      5.2056750039972299E-07      1.5287444846893755E-05      6.2237320699081666E-02
 4.0927049396247313E-02      7.5100377704947729E-01      4.8353435263906328E-07      1.5320715147885483E-05      6.2237322704437575E-02
 4.1936617677895090E-02      7.5100374605124132E-01      4.4922998698907525E-07      1.5351602820171814E-05      6.2237324523408265E-02
 4.2946185959542867E-02      7.5100371727014048E-01      4.1744045163891336E-07      1.5380285331507548E-05      6.2237326175569110E-02
 4.3955754241190644E-02      7.5100369054162908E-01      3.8797030576223589E-07      1.5406926016277697E-05      6.2237327678184393E-02
 4.5234427060565775E-02      7.5100365939920899E-01      3.5369626012433780E-07      1.5437970941415120E-05      6.2237329390311208E-02
 4.6513099879940907E-02      7.5100363102647960E-01      3.2252845978754756E-07      1.5466259687247940E-05      6.2237330913891088E-02
 4.7791772699316039E-02      7.5100360516967668E-01      2.9417189688680203E-07      1.5492044254131477E-05      6.2237332272191262E-02
 4.9070445518691171E-02      7.5100358159953584E-01      2.6836189145466895E-07      1.5515552355483028E-05      6.2237333485245960E-02
 5.0349118338066302E-02      7.5100356010879732E-01      2.4486070335226718E-07      1.5536989890066829E-05      6.2237334570337012E-02
 5.1513499079502215E-02      7.5100354218919885E-01      2.2528761913607337E-07      1.5554867716229602E-05      6.2237335459790509E-02
 5.2677879820938127E-02      7.5100352570917106E-01      2.0730506386988024E-07      1.5571311514063606E-05      6.2237336265448591E-02
 5.3842260562374039E-02      7.5100351055076253E-01      1.9077975433210605E-07      1.5586438534567891E-05      6.2237336996028084E-02
 5.5006641303809951E-02      7.5100349660603583E-01      1.7559020791364567E-07      1.5600356097110674E-05      6.2237337659228592E-02
 5.6171022045245864E-02      7.5100348377617276E-01      1.6162561157236675E-07      1.5613162475973618E-05      6.2237338261863583E-02
 5.7314324502534222E-02      7.5100347217575203E-01      1.4900780663400495E-07      1.5624742955419735E-05      6.2237338800506706E-02
 5.8457626959822581E-02      7.5100346148428854E-01      1.3738583315112456E-07      1.5635417165961729E-05      6.2237339291677726E-02
 5.9600929417110940E-02      7.5100345162959337E-01      1.2667946302583501E-07      1.5645256947325423E-05      6.2237339739920378E-02
 6.0744231874399299E-02      7.5100344254535334E-01      1.1681518079840932E-07      1.5654328306451713E-05      6.2237340149295398E-02
 6.1887534331687657E-02      7.5100343417063276E-01      1.0772558587211437E-07      1.5662691910695619E-05      6.2237340523437719E-02
 6.2923825953509316E-02      7.5100342714577406E-01      1.0010418232208303E-07      1.5669708020550373E-05      6.2237340834859246E-02
 6.3960117575330974E-02      7.5100342061923797E-01      9.3025931604233444E-08      1.5676226911066885E-05      6.2237341122209383E-02
 6.4996409197152633E-02      7.5100341455536013E-01      8.6451601277100245E-08      1.5682284111234762E-05      6.2237341387475144E-02
 6.6032700818974291E-02      7.5100340892106399E-01      8.0344857151295470E-08      1.5687912578040097E-05      6.2237341632464645E-02
 6.7128195611112426E-02      7.5100340339803107E-01      7.4360415258700467E-08      1.5693430254680212E-05      6.2237341871224774E-02
 6.8223690403250561E-02      7.5100339828726292E-01      6.8824174646387641E-08      1.5698536387964120E-05      6.2237342090933068E-02
 6.9319185195388697E-02      7.5100339355775136E-01      6.3702198587333745E-08      1.5703261890653392E-05      6.2237342293197009E-02
 7.0414679987526832E-02      7.5100338918085685E-01      5.8963177185920936E-08      1.5707635319136662E-05      6.2237342479476536E-02
 7.1510174779664967E-02      7.5100338513012999E-01      5.4578224113819913E-08      1.5711683050799863E-05      6.2237342651098468E-02
 7.2768197884116773E-02      7.5100338084922880E-01      4.9945054408929850E-08      1.5715961011572174E-05      6.2237342831659999E-02
 7.4026220988568578E-02      7.5100337693226693E-01      4.5706620113014383E-08      1.5719875488615716E-05      6.2237342996138457E-02
 7.5284244093020383E-02      7.5100337334815281E-01      4.1829055112118804E-08      1.5723457503711810E-05      6.2237343146026004E-02
 7.6542267197472189E-02      7.5100337006847584E-01      3.8281437950822555E-08      1.5726735408133609E-05      6.2237343282667203E-02
 7.7800290301923994E-02      7.5100336706727333E-01      3.5035531892269426E-08      1.5729735114115238E-05      6.2237343407274763E-02
 7.8750431307837612E-02      7.5100336497063047E-01      3.2768212533832576E-08      1.5731830783511008E-05      6.2237343494080853E-02
 7.9700572313751231E-02      7.5100336300981141E-01      3.0647976190448664E-08      1.5733790746115844E-05      6.2237343575081157E-02
 8.0650713319664849E-02      7.5100336117598809E-01      2.8665236844583458E-08      1.5735623815796109E-05      6.2237343650675819E-02
 8.1600854325578467E-02      7.5100335946091035E-01      2.6811039124278676E-08      1.5737338230464651E-05      6.2237343721235967E-02
 8.2550995331492086E-02      7.5100335785686712E-01      2.5077015907440281E-08      1.5738941690300825E-05      6.2237343787106013E-02
 8.3482727257307210E-02      7.5100335638477111E-01      2.3485744549972921E-08      1.5740413282408047E-05      6.2237343847453955E-02
 8.4414459183122334E-02      7.5100335500615634E-01      2.1995619472790417E-08      1.5741791452740473E-05      6.2237343903879735E-02
 8.5346191108937458E-02      7.5100335371507421E-01      2.0600192052295600E-08      1.5743082142713507E-05      6.2237343956644028E-02
 8.6277923034752582E-02      7.5100335250595596E-01      1.9293426688111196E-08      1.5744290915016310E-05      6.2237344005989535E-02
 8.7356399835432919E-02      7.5100335120191664E-01      1.7884154139917401E-08      1.5745594604359459E-05      6.2237344059134087E-02
 8.8434876636113255E-02      7.5100334999318918E-01      1.6577958262187976E-08      1.5746803028786633E-05      6.2237344108325147E-02
 8.9513353436793591E-02      7.5100334887279274E-01      1.5367278455244426E-08      1.5747923162848564E-05      6.2237344153862208E-02
 9.0591830237473928E-02      7.5100334783425993E-01      1.4245112088820884E-08      1.5748961468233509E-05      6.2237344196021324E-02
 9.1670307038154264E-02      7.5100334687160042E-01      1.3204974181738783E-08      1.5749923930578469E-05      6.2237344235056981E-02
 9.2848420604237800E-02      7.5100334590018858E-01      1.2155422894058328E-08      1.5750895156776317E-05      6.2237344274405436E-02
 9.4026534170321335E-02      7.5100334500601917E-01      1.1189365388355207E-08      1.5751789167006685E-05      6.2237344310587889E-02
 9.5204647736404871E-02      7.5100334418294257E-01      1.0300147892608659E-08      1.5752612107028144E-05      6.2237344343862334E-02
 9.6382761302488407E-02      7.5100334342530006E-01      9.4816487397750995E-09      1.5753369632304680E-05      6.2237344374465271E-02
 9.7560874868571942E-02      7.5100334272788460E-01      8.7282358565704118E-09      1.5754066946999334E-05      6.2237344402613512E-02
 9.8589803824713343E-02      7.5100334216428644E-01      8.1193994729997244E-09      1.5754630468713236E-05      6.2237344425345592E-02
 9.9618732780854743E-02      7.5100334164001292E-01      7.5530556929327800E-09      1.5755154674967818E-05      6.2237344446479548E-02
 1.0064766173699614E-01      7.5100334115231959E-01      7.0262369253624194E-09      1.5755642309162926E-05      6.2237344466128684E-02
 1.0167659069313754E-01      7.5100334069865293E-01      6.5361825409871038E-09      1.5756095923679115E-05      6.2237344484398188E-02
 1.0283445080320280E-01      7.5100334022587656E-01      6.0254935756113567E-09      1.5756568648414963E-05      6.2237344503428514E-02
 1.0399231091326806E-01      7.5100333979005118E-01      5.5547251782517483E-09      1.5757004428796832E-05      6.2237344520963821E-02
 1.0515017102333332E-01      7.5100333938828612E-01      5.1207528648638547E-09      1.5757406154568025E-05      6.2237344537122451E-02
 1.0630803113339858E-01      7.5100333901791727E-01      4.7206975371497005E-09      1.5757776488794587E-05      6.2237344552013261E-02
 1.0746589124346384E-01      7.5100333867649050E-01      4.3519066661209534E-09      1.5758117885207784E-05      6.2237344565736333E-02
 1.0900484807828641E-01      7.5100333826362520E-01      3.9059542836106982E-09      1.5758530715618334E-05      6.2237344582325882E-02
 1.1054380491310897E-01      7.5100333789307827E-01      3.5057131203423669E-09      1.5758901232736439E-05      6.2237344597210947E-02
 1.1208276174793154E-01      7.5100333756051074E-01      3.1464948210765962E-09      1.5759233774710062E-05      6.2237344610567583E-02
 1.1362171858275411E-01      7.5100333726202861E-01      2.8240924274143027E-09      1.5759532234580176E-05      6.2237344622553543E-02
 1.1516067541757667E-01      7.5100333699413802E-01      2.5347311656319057E-09      1.5759800105720318E-05      6.2237344633310175E-02
 1.1678244916924646E-01      7.5100333674148301E-01      2.2618235580989041E-09      1.5760052742761945E-05      6.2237344643454845E-02
 1.1840422292091625E-01      7.5100333651603424E-01      2.0182992167747246E-09      1.5760278175730980E-05      6.2237344652507527E-02
 1.2002599667258604E-01      7.5100333631486438E-01      1.8009963164802957E-09      1.5760479331305267E-05      6.2237344660586197E-02
 1.2164777042425583E-01      7.5100333613536085E-01      1.6070926786422602E-09      1.5760658821907719E-05      6.2237344667796055E-02
 1.2363017823336321E-01      7.5100333594199042E-01      1.3982030791830273E-09      1.5760852177949932E-05      6.2237344675565055E-02
 1.2561258604247061E-01      7.5100333577376888E-01      1.2164726508194048E-09      1.5761020386668110E-05      6.2237344682326438E-02
 1.2759499385157799E-01      7.5100333562742250E-01      1.0583659621428795E-09      1.5761166721151713E-05      6.2237344688211696E-02
 1.2957740166068538E-01      7.5100333550010534E-01      9.2080897180916612E-10      1.5761294027447474E-05      6.2237344693335056E-02
 1.3155980946979276E-01      7.5100333538934405E-01      8.0113074078979969E-10      1.5761404778483295E-05      6.2237344697795710E-02
 1.3345163220436407E-01      7.5100333529710428E-01      7.0145682764022920E-10      1.5761497008972769E-05      6.2237344701513875E-02
 1.3534345493893538E-01      7.5100333521634932E-01      6.1418512129543836E-10      1.5761577755065836E-05      6.2237344704772518E-02
 1.3723527767350668E-01      7.5100333514564954E-01      5.3777177621044094E-10      1.5761648446258942E-05      6.2237344707628900E-02
 1.3912710040807799E-01      7.5100333508375383E-01      4.7086538630911978E-10      1.5761710333885852E-05      6.2237344710133119E-02
 1.4101892314264930E-01      7.5100333502956662E-01      4.1228322096887771E-10      1.5761764513113535E-05      6.2237344712329029E-02
 1.4281611928857890E-01      7.5100333498435345E-01      3.6339502459759770E-10      1.5761809718943429E-05      6.2237344714164609E-02
 1.4461331543450850E-01      7.5100333494450777E-01      3.2030273999173111E-10      1.5761849557578001E-05      6.2237344715785563E-02
 1.4641051158043811E-01      7.5100333490939386E-01      2.8232016655459650E-10      1.5761884664438111E-05      6.2237344717217299E-02
 1.4820770772636771E-01      7.5100333487845117E-01      2.4884195647952162E-10      1.5761915600079916E-05      6.2237344718482232E-02
 1.5021433880871701E-01      7.5100333484822746E-01      2.1613220669038474E-10      1.5761945816330875E-05      6.2237344719721657E-02
 1.5222096989106632E-01      7.5100333482198667E-01      1.8772327815148359E-10      1.5761972049822379E-05      6.2237344720801842E-02
 1.5422760097341562E-01      7.5100333479920411E-01      1.6304882445495879E-10      1.5761994825006194E-05      6.2237344721743748E-02
 1.5623423205576492E-01      7.5100333477942494E-01      1.4161737055010395E-10      1.5762014597004035E-05      6.2237344722565577E-02
 1.5824086313811422E-01      7.5100333476225434E-01      1.2300276966756343E-10      1.5762031760443707E-05      6.2237344723283093E-02
 1.6032005222292028E-01      7.5100333474684944E-01      1.0629205739652250E-10      1.5762047158074055E-05      6.2237344723931137E-02
 1.6239924130772634E-01      7.5100333473354708E-01      9.1851779455262784E-11      1.5762060453151277E-05      6.2237344724495096E-02
 1.6447843039253240E-01      7.5100333472206160E-01      7.9373306319981561E-11      1.5762071931481139E-05      6.2237344724986411E-02
 1.6655761947733846E-01      7.5100333471214609E-01      6.8590023012578030E-11      1.5762081839962689E-05      6.2237344725414936E-02
 1.6863680856214452E-01      7.5100333470358738E-01      5.9271677280703041E-11      1.5762090391821821E-05      6.2237344725789213E-02
 1.7042282576440948E-01      7.5100333469717739E-01      5.2284454748814593E-11      1.5762096795844488E-05      6.2237344726073042E-02
 1.7220884296667444E-01      7.5100333469152991E-01      4.6120714936991828E-11      1.5762102437270047E-05      6.2237344726326367E-02
 1.7399486016893939E-01      7.5100333468655533E-01      4.0683576224251144E-11      1.5762107405816553E-05      6.2237344726552776E-02
 1.7578087737120435E-01      7.5100333468217451E-01      3.5887468205979628E-11      1.5762111780727319E-05      6.2237344726755441E-02
 1.7763099096465454E-01      7.5100333467818792E-01      3.1514731106982203E-11      1.5762115761179094E-05      6.2237344726943318E-02
 1.7948110455810473E-01      7.5100333467469482E-01      2.7674930949559540E-11      1.5762119248096399E-05      6.2237344727111447E-02
 1.8133121815155492E-01      7.5100333467163505E-01      2.4303009945467661E-11      1.5762122301726820E-05      6.2237344727262243E-02
 1.8318133174500512E-01      7.5100333466895575E-01      2.1341894013490177E-11      1.5762124974924567E-05      6.2237344727397816E-02
 1.8503144533845531E-01      7.5100333466661051E-01      1.8741547032830006E-11      1.5762127314026281E-05      6.2237344727520016E-02
 1.8803062368680976E-01      7.5100333466341629E-01      1.5182161050038582E-11      1.5762130498411979E-05      6.2237344727693801E-02
 1.9102980203516420E-01      7.5100333466084823E-01      1.2298882812887607E-11      1.5762133056676553E-05      6.2237344727842529E-02
 1.9402898038351865E-01      7.5100333465878744E-01      9.9632338673947289E-12      1.5762135107799493E-05      6.2237344727970940E-02
 1.9702815873187310E-01      7.5100333465713753E-01      8.0711477584453472E-12      1.5762136748153253E-05      6.2237344728082906E-02
 2.0002733708022755E-01      7.5100333465582048E-01      6.5383829516385611E-12      1.5762138055751112E-05      6.2237344728181543E-02
 2.0175575597821188E-01      7.5100333465518732E-01      5.7909736416425492E-12      1.5762138683446060E-05      6.2237344728233349E-02
 2.0348417487619622E-01      7.5100333465463320E-01      5.1289621452492396E-12      1.5762139232056822E-05      6.2237344728281983E-02
 2.0521259377418055E-01      7.5100333465414937E-01      4.5426374009784337E-12      1.5762139710576491E-05      6.2237344728327808E-02
 2.0694101267216489E-01      7.5100333465372737E-01      4.0233600195253757E-12      1.5762140127005728E-05      6.2237344728371148E-02
 2.0840816678587978E-01      7.5100333465341262E-01      3.6294486676422653E-12      1.5762140437080685E-05      6.2237344728406196E-02
 2.0987532089959468E-01      7.5100333465313363E-01      3.2741114810615877E-12      1.5762140711433329E-05      6.2237344728439808E-02
 2.1134247501330958E-01      7.5100333465288671E-01      2.9535637759737862E-12      1.5762140953568535E-05      6.2237344728472137E-02
 2.1280962912702447E-01      7.5100333465266900E-01      2.6643973178098831E-12      1.5762141166642557E-05      6.2237344728503292E-02
 2.1427678324073937E-01      7.5100333465247737E-01      2.4035413608136082E-12      1.5762141353499126E-05      6.2237344728533393E-02
 2.1607309280920639E-01      7.5100333465227476E-01      2.1186746151609404E-12      1.5762141550316288E-05      6.2237344728568976E-02
 2.1786940237767341E-01      7.5100333465210334E-01      1.8675642815106039E-12      1.5762141715872696E-05      6.2237344728603289E-02
 2.1966571194614043E-01      7.5100333465195945E-01      1.6462126277153848E-12      1.5762141853870531E-05      6.2237344728636505E-02
 2.2146202151460745E-01      7.5100333465183999E-01      1.4510955899319064E-12      1.5762141967573316E-05      6.2237344728668743E-02
 2.2429755410493671E-01      7.5100333465169411E-01      1.1890807547949659E-12      1.5762142104472770E-05      6.2237344728717919E-02
 2.2713308669526597E-01      7.5100333465159219E-01      9.7438977937991157E-13      1.5762142197547088E-05      6.2237344728765340E-02
 2.2996861928559523E-01      7.5100333465152591E-01      7.9846772019806733E-13      1.5762142254718726E-05      6.2237344728811310E-02
 2.3280415187592449E-01      7.5100333465148916E-01      6.5430652597556581E-13      1.5762142282477625E-05      6.2237344728856107E-02
 2.3563968446625375E-01      7.5100333465147651E-01      5.3617193734873564E-13      1.5762142286134100E-05      6.2237344728899933E-02
 2.3761315241549358E-01      7.5100333465147961E-01      4.6677737894633891E-13      1.5762142276802562E-05      6.2237344728929951E-02
 2.3958662036473341E-01      7.5100333465149105E-01      4.0636009847078610E-13      1.5762142259157446E-05      6.2237344728959636E-02
 2.4156008831397324E-01      7.5100333465150959E-01      3.5376321869675458E-13      1.5762142234270110E-05      6.2237344728989036E-02
 2.4353355626321307E-01      7.5100333465153446E-01      3.0797602571808172E-13      1.5762142203076540E-05      6.2237344729018179E-02
 2.4550205665646099E-01      7.5100333465156477E-01      2.6821108866320158E-13      1.5762142166491191E-05      6.2237344729047031E-02
 2.4747055704970891E-01      7.5100333465159985E-01      2.3358212838034321E-13      1.5762142125149576E-05      6.2237344729075696E-02
 2.4943905744295683E-01      7.5100333465163904E-01      2.0342441762146827E-13      1.5762142079667278E-05      6.2237344729104187E-02
 2.5140755783620472E-01      7.5100333465168190E-01      1.7716004637348142E-13      1.5762142030579486E-05      6.2237344729132532E-02
 2.5337605822945264E-01      7.5100333465172786E-01      1.5428661535589168E-13      1.5762141978351452E-05      6.2237344729160760E-02
 2.5796864151592452E-01      7.5100333465184510E-01      1.1175526135737849E-13      1.5762141846469255E-05      6.2237344729226214E-02
 2.6256122480239641E-01      7.5100333465197322E-01      8.0954465782753919E-14      1.5762141703723756E-05      6.2237344729291218E-02
 2.6715380808886829E-01      7.5100333465210922E-01      5.8648667461845434E-14      1.5762141553111310E-05      6.2237344729355888E-02
 2.7174639137534018E-01      7.5100333465225100E-01      4.2492763717491711E-14      1.5762141396803651E-05      6.2237344729420330E-02
 2.7633897466181206E-01      7.5100333465239677E-01      3.0789248323307173E-14      1.5762141236372775E-05      6.2237344729484598E-02
 2.7961121341427503E-01      7.5100333465250257E-01      2.4466734411775529E-14      1.5762141120197738E-05      6.2237344729530318E-02
 2.8288345216673799E-01      7.5100333465260960E-01      1.9437867892540780E-14      1.5762141002824694E-05      6.2237344729575990E-02
 2.8615569091920096E-01      7.5100333465271751E-01      1.5442134251776424E-14      1.5762140884494903E-05      6.2237344729621627E-02
 2.8942792967166392E-01      7.5100333465282632E-01      1.2269188994366565E-14      1.5762140765403154E-05      6.2237344729667236E-02
 2.9329301359864773E-01      7.5100333465295555E-01      9.3586251760398651E-15      1.5762140623959718E-05      6.2237344729721068E-02
 2.9715809752563155E-01      7.5100333465308533E-01      7.1449441095693984E-15      1.5762140481870924E-05      6.2237344729774872E-02
 3.0102318145261536E-01      7.5100333465321578E-01      5.4576252731336454E-15      1.5762140339294682E-05      6.2237344729828649E-02
 3.0648390384621377E-01      7.5100333465340041E-01      3.7242610310298399E-15      1.5762140137255667E-05      6.2237344729904609E-02
 3.1194462623981217E-01      7.5100333465358571E-01      2.5330397685968617E-15      1.5762139934714596E-05      6.2237344729980541E-02
 3.1740534863341058E-01      7.5100333465377134E-01      1.7192568551619133E-15      1.5762139731823991E-05      6.2237344730056481E-02
 3.2286607102700898E-01      7.5100333465395719E-01      1.1673977539566486E-15      1.5762139528690836E-05      6.2237344730132392E-02
 3.2934802132771646E-01      7.5100333465417801E-01      7.4400729579227966E-16      1.5762139287354538E-05      6.2237344730222501E-02
 3.3582997162842393E-01      7.5100333465439895E-01      4.7952744206733118E-16      1.5762139045871082E-05      6.2237344730312595E-02
 3.4231192192913140E-01      7.5100333465461999E-01      3.1128841848856461E-16      1.5762138804298509E-05      6.2237344730402697E-02
 3.5253983256505700E-01      7.5100333465496893E-01      1.5334351787299069E-16      1.5762138423020048E-05      6.2237344730544868E-02
 3.6276774320098260E-01      7.5100333465531788E-01      6.9163159189288285E-17      1.5762138041673289E-05      6.2237344730687025E-02
 3.7299565383690819E-01      7.5100333465566682E-01      2.8428227212533508E-17      1.5762137660286317E-05      6.2237344730829182E-02
 3.8322356447283379E-01      7.5100333465601588E-01      1.2119263608010868E-17      1.5762137278876742E-05      6.2237344730971332E-02
 4.0076017357671112E-01      7.5100333465661440E-01      6.8916040142583195E-18      1.5762136624897081E-05      6.2237344731215068E-02
 4.1829678268058845E-01      7.5100333465721292E-01      6.8496234706533507E-18      1.5762135970912673E-05      6.2237344731458796E-02
 4.3583339178446578E-01      7.5100333465781133E-01      5.2619338862369191E-18      1.5762135316929746E-05      6.2237344731702525E-02
 4.8747284660322426E-01      7.5100333465957370E-01      2.0889855614800591E-18      1.5762133391167435E-05      6.2237344732420243E-02
 5.3911230142198274E-01      7.5100333466133595E-01      1.3793427671594842E-18      1.5762131465403294E-05      6.2237344733137960E-02
 9.8964170853046229E-01      7.5100333467671110E-01      1.5188755661396628E-18      1.5762114664067740E-05      6.2237344739399805E-02
 1.4401711156389418E+00      7.5100333469208613E-01      1.5251913157487985E-18      1.5762097862755174E-05      6.2237344745661699E-02
 1.8907005227474214E+00      7.5100333470746095E-01      1.5234673030233052E-18      1.5762081061473098E-05      6.2237344751923669E-02
 3.3540395277935779E+00      7.5100333475739811E-01      1.5232877040853548E-18      1.5762026490593413E-05      6.2237344772264218E-02
 4.8173785328397347E+00      7.5100333480733450E-01      1.5232853125493340E-18      1.5761971919954945E-05      6.2237344792605641E-02
 6.2807175378858915E+00      7.5100333485727000E-01      1.5232863201318174E-18      1.5761917349638106E-05      6.2237344812948257E-02
 9.6561140224285857E+00      7.5100333497244598E-01      1.5232867942903717E-18      1.5761791477850955E-05      6.2237344859880098E-02
 1.3031510506971280E+01      7.5100333508761807E-01      1.5232872442554870E-18      1.5761665607347170E-05      6.2237344906816844E-02
 1.6406906991513974E+01      7.5100333520278484E-01      1.5232876940119608E-18      1.5761539738554513E-05      6.2237344953760133E-02
 2.1866224966164268E+01      7.5100333538903419E-01      1.5232884214990510E-18      1.5761336166589625E-05      6.2237345029710046E-02
 2.7325542940814561E+01      7.5100333557527321E-01      1.5232891489754598E-18      1.5761132597981633E-05      6.2237345105672769E-02
 3.2784860915464854E+01      7.5100333576149836E-01      1.5232898764365559E-18      1.5760929033849388E-05      6.2237345181652567E-02
 4.0662215153471898E+01      7.5100333603017977E-01      1.5232909260744604E-18      1.5760635315892981E-05      6.2237345291318129E-02
 4.8539569391478942E+01      7.5100333629882920E-01      1.5232919756766701E-18      1.5760341608319172E-05      6.2237345401023235E-02
 7.1834118116681225E+01      7.5100333709307865E-01      1.5232950793013094E-18      1.5759473131066331E-05      6.2237345725670926E-02
 9.5128666841883501E+01      7.5100333788704698E-01      1.5232981826108996E-18      1.5758604745417613E-05      6.2237346050666130E-02
 2.0373648709660395E+02      7.5100334158512994E-01      1.5233126472318835E-18      1.5754557218783574E-05      6.2237347570463751E-02
 3.1234430735132440E+02      7.5100334527717083E-01      1.5233271050078704E-18      1.5750511682343719E-05      6.2237349097679855E-02
 4.5798315233186429E+02      7.5100335021864395E-01      1.5233464815837081E-18      1.5745089897722468E-05      6.2237351157117822E-02
 6.0362199731240423E+02      7.5100335514945349E-01      1.5233658458694557E-18      1.5739671686295630E-05      6.2237353229506562E-02
 7.4926084229294418E+02      7.5100336006972901E-01      1.5233851978773943E-18      1.5734257044421855E-05      6.2237355314595781E-02
 1.0900608073437977E+03      7.5100337154287877E-01      1.5234304343368931E-18      1.5721600523287809E-05      6.2237360242057740E-02
 1.4308607723946511E+03      7.5100338296056590E-01      1.5234756037843016E-18      1.5708963483302048E-05      6.2237365234780191E-02
 1.7716607374455048E+03      7.5100339432427010E-01      1.5235207063706747E-18      1.5696345879516638E-05      6.2237370289911213E-02
 2.3846683410826308E+03      7.5100341463315889E-01      1.5236016659940297E-18      1.5673698979086417E-05      6.2237379531129899E-02
 2.9976759447197574E+03      7.5100343477984077E-01      1.5236824106500319E-18      1.5651114558993815E-05      6.2237388950330909E-02
 3.6106835483568839E+03      7.5100345477164876E-01      1.5237629412040174E-18      1.5628592361249208E-05      6.2237398533464286E-02
 4.2236911519940104E+03      7.5100347461543837E-01      1.5238432585161331E-18      1.5606132129237862E-05      6.2237408267432077E-02
 5.2652021725812792E+03      7.5100350800893578E-01      1.5239792325689518E-18      1.5568113144958305E-05      6.2237425117337396E-02
 6.3067131931685481E+03      7.5100354102224931E-01      1.5241145976890895E-18      1.5530271056231075E-05      6.2237442313189312E-02
 7.3482242137558169E+03      7.5100357368106485E-01      1.5242493579932629E-18      1.5492604632142334E-05      6.2237459806556976E-02
 8.3897352343430848E+03      7.5100360600830929E-01      1.5243835175570408E-18      1.5455112653181288E-05      6.2237477554502138E-02
 9.4312462549303527E+03      7.5100363802445902E-01      1.5245170804158922E-18      1.5417793911078702E-05      6.2237495518960427E-02
 1.0733903216284600E+04      7.5100367765811349E-01      1.5246832987058012E-18      1.5371359971500395E-05      6.2237518241433851E-02
 1.2036560177638847E+04      7.5100371686523604E-01      1.5248485975266545E-18      1.5325192844006378E-05      6.2237541192372174E-02
 1.3339217138993094E+04      7.5100375567337974E-01      1.5250129845209131E-18      1.5279290237062788E-05      6.2237564322147831E-02
 1.4641874100347341E+04      7.5100379410657192E-01      1.5251764672413286E-18      1.5233649885304962E-05      6.2237587588122964E-02
 1.5944531061701588E+04      7.5100383218579647E-01      1.5253390531529653E-18      1.5188269549156342E-05      6.2237610953685296E-02
 1.7456017274857320E+04      7.5100387595004792E-01      1.5255265890059087E-18      1.5135937239807887E-05      6.2237638148446801E-02
 1.8967503488013052E+04      7.5100391928731880E-01      1.5257129387849356E-18      1.5083948598024803E-05      6.2237665393432950E-02
 2.0478989701168783E+04      7.5100396221898902E-01      1.5258981137265106E-18      1.5032300251967242E-05      6.2237692653945013E-02
 2.1990475914324514E+04      7.5100400476352958E-01      1.5260821249213034E-18      1.4980988873760413E-05      6.2237719900997628E-02
 2.4218831192105208E+04      7.5100406681331944E-01      1.5263513096540395E-18      1.4905949154109740E-05      6.2237759996281249E-02
 2.6447186469885903E+04      7.5100412809943584E-01      1.5266180232722380E-18      1.4831624348360202E-05      6.2237799948603047E-02
 2.8675541747666597E+04      7.5100418865764562E-01      1.5268822996623933E-18      1.4758004295552168E-05      6.2237839710713519E-02
 3.0903897025447292E+04      7.5100424851762593E-01      1.5271441720852477E-18      1.4685079026396141E-05      6.2237879247081108E-02
 3.3132252303227986E+04      7.5100430770425686E-01      1.5274036731917725E-18      1.4612838758837264E-05      6.2237918531316279E-02
 3.5308171212328409E+04      7.5100436486874600E-01      1.5276548102924875E-18      1.4542950228335150E-05      6.2237956629046909E-02
 3.7484090121428831E+04      7.5100442142849244E-01      1.5279037462476416E-18      1.4473696913682706E-05      6.2237994454610784E-02
 3.9660009030529254E+04      7.5100447739839093E-01      1.5281505098554792E-18      1.4405070200612213E-05      6.2238031998787489E-02
 4.1835927939629677E+04      7.5100453279171919E-01      1.5283951294121508E-18      1.4337061629825812E-05      6.2238069255217326E-02
 4.4396330519029645E+04      7.5100459725078683E-01      1.5286802649845048E-18      1.4257816355608273E-05      6.2238112720880819E-02
 4.6956733098429613E+04      7.5100466094573104E-01      1.5289625147882232E-18      1.4179402204762104E-05      6.2238155778822524E-02
 4.9517135677829581E+04      7.5100472389266104E-01      1.5292419223813546E-18      1.4101806180163941E-05      6.2238198427832139E-02
 5.2077538257229549E+04      7.5100478610639920E-01      1.5295185304478142E-18      1.4025015554372244E-05      6.2238240668622540E-02
 5.4637940836629517E+04      7.5100484760074482E-01      1.5297923808189433E-18      1.3949017862843691E-05      6.2238282503318025E-02
 5.8071270332496104E+04      7.5100492895414150E-01      1.5301553392422733E-18      1.3848333236378426E-05      6.2238337968933681E-02
 6.1504599828362683E+04      7.5100500906693446E-01      1.5305135092663069E-18      1.3749023726373305E-05      6.2238392719228965E-02
 6.4937929324229262E+04      7.5100508796703880E-01      1.5308669849422695E-18      1.3651061376464683E-05      6.2238446764981060E-02
 6.8371258820095842E+04      7.5100516568105180E-01      1.5312158578727783E-18      1.3554418983176015E-05      6.2238500117786519E-02
 7.3210998060362937E+04      7.5100527326373046E-01      1.5316999949861726E-18      1.3420379569407498E-05      6.2238574172159049E-02
 7.8050737300630033E+04      7.5100537860819305E-01      1.5321754044526449E-18      1.3288838945719671E-05      6.2238646907626330E-02
 8.2890476540897129E+04      7.5100548177978510E-01      1.5326423203559396E-18      1.3159727829370709E-05      6.2238718358313655E-02
 9.1021466825298849E+04      7.5100565043839329E-01      1.5334084377646629E-18      1.2948052160743510E-05      6.2238835624611702E-02
 9.9152457109700568E+04      7.5100581344626871E-01      1.5341523405707823E-18      1.2742716607662291E-05      6.2238949529438523E-02
 1.1202378085533096E+05      7.5100606060011810E-01      1.5352869641083490E-18      1.2429915649804995E-05      6.2239123340244201E-02
 1.2489510460096135E+05      7.5100629519170470E-01      1.5363717813728390E-18      1.2131277607806912E-05      6.2239289623984541E-02
 1.4058971612173345E+05      7.5100656525864906E-01      1.5376308554029238E-18      1.1785196850562733E-05      6.2239482771582311E-02
 1.5628432764250555E+05      7.5100681916003720E-01      1.5388251348742990E-18      1.1457449318195342E-05      6.2239666151198934E-02
 1.7197893916327765E+05      7.5100705826983605E-01      1.5399597700871378E-18      1.1146540748718536E-05      6.2239840544959048E-02
 1.9215045744386336E+05      7.5100734575974315E-01      1.5413376053098035E-18      1.0769606535430713E-05      6.2240052572058835E-02
 2.1232197572444906E+05      7.5100761296803153E-01      1.5426325776546807E-18      1.0415954558930583E-05      6.2240252132809273E-02
 2.3249349400503476E+05      7.5100786180811074E-01      1.5438519630664407E-18      1.0083487050292060E-05      6.2240440329031393E-02
 2.6469678083113453E+05      7.5100822515040766E-01      1.5456578964922345E-18      9.5920591738811041E-06      6.2240719623058174E-02
 2.9690006765723432E+05      7.5100855178876802E-01      1.5473100504976755E-18      9.1434812736745778E-06      6.2240975817979168E-02
 3.2910335448333411E+05      7.5100884652342326E-01      1.5488270992584210E-18      8.7324277104048474E-06      6.2241211725284601E-02
 3.6130664130943391E+05      7.5100911337550946E-01      1.5502248278139077E-18      8.3544157334662495E-06      6.2241429716294851E-02
 4.1058953631852777E+05      7.5100947535195028E-01      1.5521628877425838E-18      7.8313970803515404E-06      6.2241733137777012E-02
 4.5987243132762163E+05      7.5100978984472688E-01      1.5538924769250380E-18      7.3657372693871847E-06      6.2242005228092250E-02
 5.0915532633671549E+05      7.5101006475496457E-01      1.5554455832467017E-18      6.9484725375298566E-06      6.2242250763650253E-02
 5.5843822134580940E+05      7.5101030635678023E-01      1.5568479092729707E-18      6.5724303361702798E-06      6.2242473578376277E-02
 6.0772111635490332E+05      7.5101051968160137E-01      1.5581203074731879E-18      6.2318128910621058E-06      6.2242676781333259E-02
 6.5268172304360021E+05      7.5101069313758262E-01      1.5591824656382201E-18      5.9479002990890280E-06      6.2242847243859319E-02
 6.9764232973229710E+05      7.5101084907208882E-01      1.5601617970500785E-18      5.6864682577023632E-06      6.2243005155149807E-02
 7.4260293642099400E+05      7.5101098964560842E-01      1.5610675428662193E-18      5.4449705129529486E-06      6.2243151892898710E-02
 7.8756354310969089E+05      7.5101111669608811E-01      1.5619076390786479E-18      5.2212259639970649E-06      6.2243288640397236E-02
 8.3862462407582987E+05      7.5101124656513685E-01      1.5627907386473315E-18      4.9862861761594970E-06      6.2243433114375815E-02
 8.8968570504196885E+05      7.5101136297110671E-01      1.5636065900062700E-18      4.7694715412804160E-06      6.2243567303068917E-02
 9.4074678600810783E+05      7.5101146757562276E-01      1.5643625810556700E-18      4.5687655057500730E-06      6.2243692309889562E-02
 9.9180786697424680E+05      7.5101156178792716E-01      1.5650650437611112E-18      4.3824431418594499E-06      6.2243809081695349E-02
 1.0428689479403858E+06      7.5101164680879506E-01      1.5657194306944942E-18      4.2090217535088697E-06      6.2243918435013944E-02
 1.1091110960863028E+06      7.5101174509028368E-01      1.5665044426663596E-18      4.0011725569135097E-06      6.2244050401425749E-02
 1.1753532442322196E+06      7.5101183154508555E-01      1.5672253554774611E-18      3.8104768050165699E-06      6.2244172405500023E-02
 1.2415953923781365E+06      7.5101190776185600E-01      1.5678896401623342E-18      3.6349140559112533E-06      6.2244285571790063E-02
 1.3078375405240534E+06      7.5101197507391537E-01      1.5685036500221386E-18      3.4727692243901118E-06      6.2244390858695431E-02
 1.4044316226965555E+06      7.5101205955159922E-01      1.5693199304358611E-18      3.2574039518617552E-06      6.2244531935395343E-02
 1.5010257048690575E+06      7.5101213033146252E-01      1.5700548212698409E-18      3.0637014487211691E-06      6.2244660121560470E-02
 1.5976197870415596E+06      7.5101218971752781E-01      1.5707198315802915E-18      2.8885721190288317E-06      6.2244777168110201E-02
 1.6942138692140616E+06      7.5101223956196428E-01      1.5713243942454714E-18      2.7294882728840708E-06      6.2244884515721043E-02
 1.7908079513865637E+06      7.5101228136234432E-01      1.5718762910679665E-18      2.5843679452159505E-06      6.2244983358017647E-02
 1.8867928145518377E+06      7.5101231614916109E-01      1.5723789904037691E-18      2.4522711009865202E-06      6.2245074145376930E-02
 1.9827776777171118E+06      7.5101234520122817E-01      1.5728414918875322E-18      2.3308104107149217E-06      6.2245158356063868E-02
 2.0787625408823858E+06      7.5101236934118742E-01      1.5732683361629422E-18      2.2187759765672960E-06      6.2245236695636516E-02
 2.1747474040476596E+06      7.5101238925992808E-01      1.5736634128234841E-18      2.1151326120083098E-06      6.2245309771007645E-02
 2.2856507186086955E+06      7.5101240777591727E-01      1.5740846936041036E-18      2.0046709081783135E-06      6.2245388331950056E-02
 2.3965540331697315E+06      7.5101242218504927E-01      1.5744724427414215E-18      1.9030522933538094E-06      6.2245461259696558E-02
 2.5074573477307674E+06      7.5101243311575694E-01      1.5748304375659367E-18      1.8092747334723705E-06      6.2245529151800476E-02
 2.6183606622918034E+06      7.5101244109131082E-01      1.5751619040133082E-18      1.7224832780887387E-06      6.2245592521331397E-02
 2.7292639768528393E+06      7.5101244654893184E-01      1.5754696096814581E-18      1.6419450777546660E-06      6.2245651810912586E-02
 2.8663488657028936E+06      7.5101245036211761E-01      1.5758206748853058E-18      1.5500952477767157E-06      6.2245720030425056E-02
 3.0034337545529478E+06      7.5101245147043849E-01      1.5761429684745421E-18      1.4658078035207783E-06      6.2245783230807442E-02
 3.1405186434030021E+06      7.5101245034798780E-01      1.5764397728238861E-18      1.3882157986583513E-06      6.2245841946453336E-02
 3.2776035322530563E+06      7.5101244738577400E-01      1.5767138906473041E-18      1.3165795814779442E-06      6.2245896636658173E-02
 3.4657479134019390E+06      7.5101244090765107E-01      1.5770575171077137E-18      1.2268121804192915E-06      6.2245965860485877E-02
 3.6538922945508217E+06      7.5101243224448089E-01      1.5773681516810934E-18      1.1456956486247526E-06      6.2246029115508764E-02
 3.8420366756997043E+06      7.5101242193004636E-01      1.5776501479132090E-18      1.0720838967711908E-06      6.2246087131421032E-02
 4.0301810568485870E+06      7.5101241038386990E-01      1.5779071251005433E-18      1.0050248736795280E-06      6.2246140520347312E-02
 4.2183254379974697E+06      7.5101239793591168E-01      1.5781421093848756E-18      9.4372310726258099E-07      6.2246189798879671E-02
 4.4105079732460640E+06      7.5101238456343000E-01      1.5783620980592205E-18      8.8634898775447387E-07      6.2246236350594848E-02
 4.6026905084946584E+06      7.5101237074625538E-01      1.5785641307977174E-18      8.3367115240059716E-07      6.2246279476678060E-02
 4.7948730437432528E+06      7.5101235665965294E-01      1.5787501797837085E-18      7.8517212148980548E-07      6.2246319523033437E-02
 4.9870555789918471E+06      7.5101234244344639E-01      1.5789219426435063E-18      7.4040669612599750E-07      6.2246356789989403E-02
 5.2119053630246175E+06      7.5101232579395538E-01      1.5791067228577506E-18      6.9225880823253563E-07      6.2246397212587040E-02
 5.4367551470573880E+06      7.5101230925791185E-01      1.5792759718123194E-18      6.4816708922865574E-07      6.2246434552102589E-02
 5.6616049310901584E+06      7.5101229294202043E-01      1.5794314214176304E-18      6.0767802767484739E-07      6.2246469123403488E-02
 5.8864547151229288E+06      7.5101227692628425E-01      1.5795745557666191E-18      5.7040317620507489E-07      6.2246501199031905E-02
 6.1113044991556993E+06      7.5101226126955789E-01      1.5797066520768507E-18      5.3600836884794160E-07      6.2246531015937162E-02
 6.3746105629019039E+06      7.5101224344870654E-01      1.5798487949439676E-18      4.9900358413188810E-07      6.2246563339437309E-02
 6.6379166266481085E+06      7.5101222622604069E-01      1.5799788561097873E-18      4.6514944161056590E-07      6.2246593140634902E-02
 6.9012226903943131E+06      7.5101220963035908E-01      1.5800981502088537E-18      4.3410238110608533E-07      6.2246620671067412E-02
 7.1645287541405177E+06      7.5101219367695382E-01      1.5802078116040562E-18      4.0556606087968331E-07      6.2246646150088354E-02
 7.5074030517807789E+06      7.5101217387249775E-01      1.5803377780826274E-18      3.7175056305239731E-07      6.2246676567606671E-02
 7.8502773494210402E+06      7.5101215515736608E-01      1.5804549257470109E-18      3.4127465388900224E-07      6.2246704197747048E-02
 8.1931516470613014E+06      7.5101213750926277E-01      1.5805608260060040E-18      3.1372825333293160E-07      6.2246729354916271E-02
 8.5360259447015636E+06      7.5101212089537384E-01      1.5806568096350111E-18      2.8876419262759076E-07      6.2246752308771622E-02
 8.8789002423418257E+06      7.5101210527583251E-01      1.5807440090250164E-18      2.6608714441213864E-07      6.2246773291691607E-02
 9.2262725635084696E+06      7.5101209042061146E-01      1.5808243926497117E-18      2.4518457596754657E-07      6.2246792747171424E-02
 9.5736448846751135E+06      7.5101207649318769E-01      1.5808976320265177E-18      2.2614140538218230E-07      6.2246810570390970E-02
 9.9210172058417574E+06      7.5101206344471727E-01      1.5809644811480096E-18      2.0876114404272126E-07      6.2246826921537088E-02
 1.0268389527008401E+07      7.5101205122662318E-01      1.5810255975270089E-18      1.9287248460879365E-07      6.2246841941765767E-02
 1.0669943826254515E+07      7.5101203807512451E-01      1.5810898531162593E-18      1.7616887450450663E-07      6.2246857809080638E-02
 1.1071498125500629E+07      7.5101202589840566E-01      1.5811479892168346E-18      1.6105708264236725E-07      6.2246872233905112E-02
 1.1473052424746742E+07      7.5101201462843525E-01      1.5812006779013368E-18      1.4736211730067131E-07      6.2246885365033193E-02
 1.1874606723992856E+07      7.5101200420061454E-01      1.5812485026300932E-18      1.3493208712327654E-07      6.2246897333003981E-02
 1.2276161023238970E+07      7.5101199455393997E-01      1.5812919716343051E-18      1.2363470698468663E-07      6.2246908252692121E-02
 1.2715837761829637E+07      7.5101198481965392E-01      1.5813350987117186E-18      1.1242671845065566E-07      6.2246919126961661E-02
 1.3155514500420304E+07      7.5101197588308333E-01      1.5813740501279165E-18      1.0230436078435109E-07      6.2246928984216646E-02
 1.3595191239010971E+07      7.5101196767917255E-01      1.5814092723724616E-18      9.3151471638509860E-08      6.2246937928202628E-02
 1.4034867977601638E+07      7.5101196014775784E-01      1.5814411571438515E-18      8.4866157216211235E-08      6.2246946050696625E-02
 1.4575513070343025E+07      7.5101195172712976E-01      1.5814762937260375E-18      7.5736176042367305E-08      6.2246955031608896E-02
 1.5116158163084412E+07      7.5101194414537420E-01      1.5815074612889510E-18      6.7637794488608104E-08      6.2246963025908632E-02
 1.5656803255825799E+07      7.5101193731735172E-01      1.5815351423567154E-18      6.0445538638468914E-08      6.2246970149374775E-02
 1.6197448348567186E+07      7.5101193116633735E-01      1.5815597538102711E-18      5.4051016119511588E-08      6.2246976502818595E-02
 1.6738093441308573E+07      7.5101192562327290E-01      1.5815816567114365E-18      4.8360357119334649E-08      6.2246982174197808E-02
 1.7260398370015379E+07      7.5101192078716372E-01      1.5816005404590660E-18      4.3454209261062427E-08      6.2246987078025715E-02
 1.7782703298722185E+07      7.5101191640993759E-01      1.5816174384984369E-18      3.9064036718225524E-08      6.2246991478553754E-02
 1.8305008227428991E+07      7.5101191244611487E-01      1.5816325687492666E-18      3.5133197645027118E-08      6.2246995429808584E-02
 1.8827313156135798E+07      7.5101190885466851E-01      1.5816461235712353E-18      3.1611696997990379E-08      6.2246998979698147E-02
 1.9409362026105791E+07      7.5101190524602801E-01      1.5816595799409348E-18      2.8115810181541379E-08      6.2247002514596493E-02
 1.9991410896075785E+07      7.5101190200810131E-01      1.5816714975825260E-18      2.5019702909491442E-08      6.2247005655743960E-02
 2.0573459766045779E+07      7.5101189909998911E-01      1.5816820579835593E-18      2.2276213623785511E-08      6.2247008448882570E-02
 2.1155508636015773E+07      7.5101189648530509E-01      1.5816914200063926E-18      1.9844062045597291E-08      6.2247010934196885E-02
 2.1737557505985767E+07      7.5101189413169811E-01      1.5816997228226132E-18      1.7687085973963364E-08      6.2247013147008361E-02
 2.2369721159239009E+07      7.5101189183774442E-01      1.5817076827000776E-18      1.5619202227359128E-08      6.2247015277811429E-02
 2.3001884812492251E+07      7.5101188978518552E-01      1.5817146743844578E-18      1.3802840442235766E-08      6.2247017158845661E-02
 2.3634048465745494E+07      7.5101188794522467E-01      1.5817208176308717E-18      1.2206886735206858E-08      6.2247018820741989E-02
 2.4266212118998736E+07      7.5101188629250104E-01      1.5817262169208004E-18      1.0804196248140623E-08      6.2247020290283235E-02
 2.4898375772251979E+07      7.5101188480468462E-01      1.5817309634795684E-18      9.5710687137968421E-09      6.2247021590900516E-02
 2.5504970654104691E+07      7.5101188351378900E-01      1.5817349786205582E-18      8.5279472349822060E-09      6.2247022699194798E-02
 2.6111565535957403E+07      7.5101188234124505E-01      1.5817385282237648E-18      7.6057583475258237E-09      6.2247023686827357E-02
 2.6718160417810116E+07      7.5101188127349017E-01      1.5817416666577263E-18      6.7903779348050425E-09      6.2247024567825625E-02
 2.7324755299662828E+07      7.5101188029850863E-01      1.5817444418714885E-18      6.0693497452365508E-09      6.2247025354574305E-02
 2.8008438959347114E+07      7.5101187929759072E-01      1.5817471869847614E-18      5.3561244784992963E-09      6.2247026141930700E-02
 2.8692122619031399E+07      7.5101187838764583E-01      1.5817495773099656E-18      4.7350599604093186E-09      6.2247026837137932E-02
 2.9375806278715685E+07      7.5101187755697585E-01      1.5817516590055819E-18      4.1941655222235968E-09      6.2247027452150702E-02
 3.0059489938399971E+07      7.5101187679539227E-01      1.5817534721407467E-18      3.7230324332191934E-09      6.2247027997354917E-02
 3.0743173598084256E+07      7.5101187609402820E-01      1.5817550514836923E-18      3.3126290478965584E-09      6.2247028481768982E-02
 3.1460223013513889E+07      7.5101187541471326E-01      1.5817564896594277E-18      2.9388874287058001E-09      6.2247028933060944E-02
 3.2177272428943522E+07      7.5101187478539999E-01      1.5817577341248814E-18      2.6154635290604252E-09      6.2247029333958474E-02
 3.2894321844373155E+07      7.5101187419937376E-01      1.5817588110411781E-18      2.3355616809316777E-09      6.2247029691257900E-02
 3.3611371259802788E+07      7.5101187365082367E-01      1.5817597430137355E-18      2.0933098832374186E-09      6.2247030010834217E-02
 3.4328420675232418E+07      7.5101187313472118E-01      1.5817605495740085E-18      1.8836346517032892E-09      6.2247030297765397E-02
 3.4990442510268167E+07      7.5101187268324887E-01      1.5817611975735509E-18      1.7151592247952776E-09      6.2247030537511600E-02
 3.5652464345303915E+07      7.5101187225273069E-01      1.5817617646671713E-18      1.5676995124000232E-09      6.2247030756192402E-02
 3.6314486180339664E+07      7.5101187184056140E-01      1.5817622609427163E-18      1.4386351241652110E-09      6.2247030956432567E-02
 3.6976508015375413E+07      7.5101187144445736E-01      1.5817626952349285E-18      1.3256711771292357E-09      6.2247031140531234E-02
 3.7713940295209922E+07      7.5101187101971412E-01      1.5817631154309886E-18      1.2163511349977360E-09      6.2247031329045494E-02
 3.8451372575044431E+07      7.5101187061002450E-01      1.5817634775819756E-18      1.1221085261724389E-09      6.2247031502441583E-02
 3.9188804854878940E+07      7.5101187021331062E-01      1.5817637897132530E-18      1.0408587212597631E-09      6.2247031662808913E-02
 3.9926237134713449E+07      7.5101186982778279E-01      1.5817640587339654E-18      9.7080703672302653E-10      6.2247031811946490E-02
 4.0663669414547957E+07      7.5101186945190057E-01      1.5817642905873824E-18      9.1040968195890750E-10      6.2247031951402007E-02
 4.1494409100778513E+07      7.5101186903836192E-01      1.5817645136213837E-18      8.5228134932087086E-10      6.2247032098562853E-02
 4.2325148787009068E+07      7.5101186863376101E-01      1.5817647022269613E-18      8.0309590623791157E-10      6.2247032236754408E-02
 4.3155888473239623E+07      7.5101186823672261E-01      1.5817648617057242E-18      7.6147624066290786E-10      6.2247032367357576E-02
 4.3986628159470178E+07      7.5101186784608354E-01      1.5817649965412462E-18      7.2625772863552831E-10      6.2247032491540288E-02
 4.4817367845700733E+07      7.5101186746085968E-01      1.5817651105238793E-18      6.9645581338839188E-10      6.2247032610289944E-02
 4.5640785731528714E+07      7.5101186708355339E-01      1.5817652060895699E-18      6.7143946514732263E-10      6.2247032723456247E-02
 4.6464203617356695E+07      7.5101186671006126E-01      1.5817652869702713E-18      6.5023758255542209E-10      6.2247032832796340E-02
 4.7287621503184676E+07      7.5101186633980310E-01      1.5817653554001013E-18      6.3226984692774386E-10      6.2247032938892291E-02
 4.8111039389012657E+07      7.5101186597228664E-01      1.5817654132751427E-18      6.1704374529219597E-10      6.2247033042238102E-02
 4.9102389064974673E+07      7.5101186553286814E-01      1.5817654712088245E-18      6.0176306884241246E-10      6.2247033163600536E-02
 5.0093738740936689E+07      7.5101186509621276E-01      1.5817655185064864E-18      5.8924512571026288E-10      6.2247033282191604E-02
 5.1085088416898705E+07      7.5101186466181957E-01      1.5817655570963073E-18      5.7898906641957589E-10      6.2247033398513701E-02
 5.2076438092860721E+07      7.5101186422927890E-01      1.5817655885551329E-18      5.7058530095060665E-10      6.2247033512977695E-02
 5.3067787768822737E+07      7.5101186379825646E-01      1.5817656141703081E-18      5.6369943810549937E-10      6.2247033625919004E-02
 5.4152073444859624E+07      7.5101186332824188E-01      1.5817656367409238E-18      5.5758263379389747E-10      6.2247033748029174E-02
 5.5236359120896511E+07      7.5101186285942434E-01      1.5817656547046192E-18      5.5266248855972538E-10      6.2247033868938900E-02
 5.6320644796933398E+07      7.5101186239157036E-01      1.5817656689596431E-18      5.4870567961867672E-10      6.2247033988882254E-02
 5.7404930472970285E+07      7.5101186192449187E-01      1.5817656802298980E-18      5.4552417179501177E-10      6.2247034108047848E-02
 5.8790985171881460E+07      7.5101186132831199E-01      1.5817656912037330E-18      5.4234895983311653E-10      6.2247034259484024E-02
 6.0177039870792635E+07      7.5101186073290616E-01      1.5817656991994963E-18      5.3994730938597359E-10      6.2247034410144196E-02
 6.1563094569703810E+07      7.5101186013808474E-01      1.5817657049463213E-18      5.3812982607376277E-10      6.2247034560218344E-02
 6.2949149268614985E+07      7.5101185954370475E-01      1.5817657089938167E-18      5.3675374772738505E-10      6.2247034709849693E-02
 6.4335203967526160E+07      7.5101185894965905E-01      1.5817657117543197E-18      5.3571196861783899E-10      6.2247034859145671E-02
 6.5954549420107700E+07      7.5101185825594319E-01      1.5817657137659564E-18      5.3481005307124412E-10      6.2247035033253871E-02
 6.7573894872689247E+07      7.5101185756247724E-01      1.5817657148160880E-18      5.3415789076367843E-10      6.2247035207111522E-02
 6.9193240325270787E+07      7.5101185686919225E-01      1.5817657151688441E-18      5.3368687323112687E-10      6.2247035380787456E-02
 7.0812585777852327E+07      7.5101185617603872E-01      1.5817657150162062E-18      5.3334713306910493E-10      6.2247035554331698E-02
 7.2903414575135306E+07      7.5101185528120773E-01      1.5817657142846945E-18      5.3304729541485225E-10      6.2247035778265250E-02
 7.4994243372418284E+07      7.5101185438648166E-01      1.5817657131499036E-18      5.3285221048620570E-10      6.2247036002093713E-02
 7.7085072169701263E+07      7.5101185349182231E-01      1.5817657117577789E-18      5.3272396866117271E-10      6.2247036225855118E-02
 8.0314359593117669E+07      7.5101185211009680E-01      1.5817657093122479E-18      5.3260262795546361E-10      6.2247036571377888E-02
 8.3543647016534075E+07      7.5101185072842536E-01      1.5817657066584437E-18      5.3253538678306290E-10      6.2247036916846382E-02
 8.6772934439950481E+07      7.5101184934678578E-01      1.5817657038816857E-18      5.3250008298013614E-10      6.2247037262282846E-02
 9.0002221863366887E+07      7.5101184796516474E-01      1.5817657010335829E-18      5.3248331122239052E-10      6.2247037607700714E-02
 9.5043276033645973E+07      7.5101184580841351E-01      1.5817656965200823E-18      5.3247466100304438E-10      6.2247038146895022E-02
 1.0008433020392506E+08      7.5101184365166895E-01      1.5817656919813131E-18      5.3247257460784713E-10      6.2247038686082744E-02
 1.0512538437420414E+08      7.5101184149492506E-01      1.5817656874398810E-18      5.3247117964795545E-10      6.2247039225269772E-02
 1.1771713271189220E+08      7.5101183610772437E-01      1.5817656760918070E-18      5.3246881278438072E-10      6.2247040572071727E-02
 1.3030888104958026E+08      7.5101183072052535E-01      1.5817656647372959E-18      5.3246811794109195E-10      6.2247041918871988E-02
 2.2977629200666636E+08      7.5101178816482794E-01      1.5817655750234038E-18      5.3246780798801684E-10      6.2247052557796542E-02
 3.2924370296375245E+08      7.5101174560913575E-01      1.5817654853081299E-18      5.3246785952194679E-10      6.2247063196719521E-02
 1.3239178125346134E+09      7.5101132005271909E-01      1.5817645881641975E-18      5.3246636571245517E-10      6.2247169585824803E-02
 2.3185919221054745E+09      7.5101089449662384E-01      1.5817636910210158E-18      5.3246485296055772E-10      6.2247275974849740E-02
 3.3132660316763353E+09      7.5101046894095724E-01      1.5817627938787408E-18      5.3246334002754483E-10      6.2247382363767534E-02
 1.3260007127384945E+10      7.5100621343464846E-01      1.5817538225621002E-18      5.3244821163852924E-10      6.2248446240356095E-02
 2.3206748223093555E+10      7.5100195796048219E-01      1.5817448513134441E-18      5.3243308391489897E-10      6.2249510108909008E-02
 3.3153489318802166E+10      7.5099770252917220E-01      1.5817358801552403E-18      5.3241795689437099E-10      6.2250573966747859E-02
 1.3262090027588828E+11      7.5095515325094553E-01      1.5816461791827030E-18      5.3226673485528961E-10      6.2261211286418039E-02
 2.3208831123297437E+11      7.5091260718602326E-01      1.5815564850065880E-18      5.3211557924865404E-10      6.2271847802762070E-02
 3.3155572219006049E+11      7.5087006540500267E-01      1.5814667998721374E-18      5.3196449383554265E-10      6.2282483248130606E-02
 1.3262298317609216E+12      7.5044515021636005E-01      1.5805710086135372E-18      5.3045843509221586E-10      6.2388712046421720E-02
 2.3209039413317827E+12      7.5002055540728152E-01      1.5796758937043737E-18      5.2895895897880171E-10      6.2494860749816868E-02
 3.3155780509026436E+12      7.4959638726944011E-01      1.5787816790125747E-18      5.2746639886891150E-10      6.2600902785397580E-02
 8.0994497130204697E+12      7.4756296013695944E-01      1.5744949016353089E-18      5.2038541806841071E-10      6.3109259573832913E-02
 1.2883321375138297E+13      7.4554048157983577E-01      1.5702312266919760E-18      5.1346226680939830E-10      6.3614879218310619E-02
 2.3248101704449531E+13      7.4119575174372210E-01      1.5610719849964338E-18      4.9898042065268467E-10      6.4701061688209924E-02
 3.3612882033760766E+13      7.3690125234067072E-01      1.5520187321968197E-18      4.8516867399330949E-10      6.5774686549340988E-02
 4.5806896015148852E+13      7.3191223008790651E-01      1.5415014736956789E-18      4.6971890858515658E-10      6.7021942124130263E-02
 5.8000909996536938E+13      7.2699041273800880E-01      1.5311260159978304E-18      4.5507202440794458E-10      6.8252396472600646E-02
 7.0194923977925023E+13      7.2213439109486766E-01      1.5208893834269282E-18      4.4116916096767183E-10      6.9466401893823693E-02
 9.2097895079748344E+13      7.1357295440324298E-01      1.5028419307435433E-18      4.1789915622670304E-10      7.1606761084201109E-02
 1.1400086618157166E+14      7.0521211336988310E-01      1.4852177033598791E-18      3.9659068659451840E-10      7.3696971358540739E-02
 1.3590383728339497E+14      6.9704492983379795E-01      1.4680020504813483E-18      3.7701528517606611E-10      7.5738767257261447E-02
 1.5780680838521828E+14      6.8906477858983972E-01      1.4511809826667548E-18      3.5897824715984191E-10      7.7733805081796239E-02
 2.0004707449260934E+14      6.7417985091037402E-01      1.4198064855605138E-18      3.2794000051347532E-10      8.1455037024973989E-02
 2.4228734060000041E+14      6.5992450758573851E-01      1.3897601225902421E-18      3.0104760518515615E-10      8.5018872876333459E-02
 2.8452760670739144E+14      6.4625961688323241E-01      1.3609592784145036E-18      2.7755649063475524E-10      8.8435095569608296E-02
 3.2676787281478250E+14      6.3314926452114895E-01      1.3333281352020683E-18      2.5688805102478825E-10      9.1712683675659198E-02
 3.6900813892217356E+14      6.2056039352061454E-01      1.3067969115259503E-18      2.3858599651690562E-10      9.4859901439546979E-02
 4.0085900433442425E+14      6.1139411348398420E-01      1.2874793739113742E-18      2.2612631274531350E-10      9.7151471458069433E-02
 4.3270986974667494E+14      6.0249474163972838E-01      1.2687247589865077E-18      2.1467419885573189E-10      9.9376314427742016E-02
 4.6456073515892562E+14      5.9385079383816519E-01      1.2505088282050828E-18      2.0411895411615494E-10      1.0153730138606822E-01
 4.9641160057117631E+14      5.8545143272388867E-01      1.2328087091372139E-18      1.9436519354145706E-10      1.0363714167197108E-01
 5.3078240139663706E+14      5.7665015116177387E-01      1.2142620169942556E-18      1.8464399631220588E-10      1.0583746206980996E-01
 5.6515320222209788E+14      5.6810965073721775E-01      1.1962652538483456E-18      1.7567021111511965E-10      1.0797258718269807E-01
 5.9952400304755862E+14      5.5981850541821898E-01      1.1787943079336608E-18      1.6736607886220205E-10      1.1004537351869408E-01
 6.3389480387301938E+14      5.5176594877047735E-01      1.1618264603367079E-18      1.5966401342149464E-10      1.1205851268642368E-01
 6.6826560469848012E+14      5.4394182820700065E-01      1.1453402883173394E-18      1.5250500790086045E-10      1.1401454283267930E-01
 7.1420911189879500E+14      5.3382349074380642E-01      1.1240204626554969E-18      1.4369472110403200E-10      1.1654412720510780E-01
 7.6015261909910988E+14      5.2407480700330944E-01      1.1034800287811563E-18      1.3565633995802028E-10      1.1898129814628222E-01
 8.0609612629942475E+14      5.1467588605498382E-01      1.0836770208615529E-18      1.2829932916925783E-10      1.2133102838890197E-01
 8.5203963349973962E+14      5.0560823970335300E-01      1.0645724344077827E-18      1.2154639596004314E-10      1.2359793998189422E-01
 9.1768508606712238E+14      4.9319307587875943E-01      1.0384156848870425E-18      1.1281617079976527E-10      1.2670173094461756E-01
 9.8333053863450512E+14      4.8137318728467038E-01      1.0135138444661657E-18      1.0502285015214724E-10      1.2965670309901076E-01
 1.0489759912018879E+15      4.7010674187724177E-01      9.8977867436769194E-19      9.8033536162326979E-11      1.3247331445613458E-01
 1.1146214437692706E+15      4.5935573898961046E-01      9.6713002218861330E-19      9.1738587596893598E-11      1.3516106518278717E-01
 1.1802668963366532E+15      4.4908559300935014E-01      9.4549494267172121E-19      8.6046824336368219E-11      1.3772860168214360E-01
 1.2430502588993198E+15      4.3968393302494385E-01      9.2568990595517342E-19      8.1096955055428368E-11      1.4007901668197822E-01
 1.3058336214619862E+15      4.3066792227400125E-01      9.0669769832471239E-19      7.6572292693649032E-11      1.4233301937312717E-01
 1.3686169840246528E+15      4.2201432450884069E-01      8.8846931893733146E-19      7.2424500161786841E-11      1.4449641881754716E-01
 1.4314003465873192E+15      4.1370172579240277E-01      8.7095961188143679E-19      6.8612036093846867E-11      1.4657456849953421E-01
 1.5043748853530530E+15      4.0444223340459229E-01      8.5145579455544073E-19      6.4554858567347827E-11      1.4888944159955000E-01
 1.5773494241187865E+15      3.9558827746953307E-01      8.3280660867248550E-19      6.0854051408932744E-11      1.5110293058610980E-01
 1.6503239628845200E+15      3.8711376576840356E-01      8.1495704049153741E-19      5.7468357230376972E-11      1.5322155851395003E-01
 1.7232985016502535E+15      3.7899480312178063E-01      7.9785671076874852E-19      5.4362410889588600E-11      1.5525129917795305E-01
 1.7962730404159870E+15      3.7120947247528174E-01      7.8145941272872575E-19      5.1505747590597347E-11      1.5719763184173738E-01
 1.8825925153395600E+15      3.6240363082887034E-01      7.6291312426141024E-19      4.8412604800946994E-11      1.5939909225567941E-01
 1.9689119902631330E+15      3.5400594837269317E-01      7.4522685787422164E-19      4.5593990151419758E-11      1.6149851287185607E-01
 2.0552314651867060E+15      3.4598870320378844E-01      7.2834217594591979E-19      4.3017934348589976E-11      1.6350282416603185E-01
 2.1415509401102790E+15      3.3832662628836441E-01      7.1220581369915775E-19      4.0657042598057150E-11      1.6541834339667530E-01
 2.2537416798779275E+15      3.2886122426968839E-01      6.9227207294218159E-19      3.7871741799613401E-11      1.6778469390345402E-01
 2.3659324196455760E+15      3.1991118310291555E-01      6.7342409858919669E-19      3.5366404239603057E-11      1.7002220419704583E-01
 2.4781231594132245E+15      3.1143549171239776E-01      6.5557545432687492E-19      3.3104338727195231E-11      1.7214112704639037E-01
 2.5903138991808730E+15      3.0339738426492063E-01      6.3864865465091221E-19      3.1054730181948336E-11      1.7415065390981446E-01
 2.7025046389485215E+15      2.9576382440847326E-01      6.2257407694847061E-19      2.9191540976411280E-11      1.7605904387534041E-01
 2.8185681836336045E+15      2.8826076576117882E-01      6.0677460769279193E-19      2.7436677182189902E-11      1.7793480853849658E-01
 2.9346317283186875E+15      2.8112899528996332E-01      5.9175725097836420E-19      2.5836753791607488E-11      1.7971775115751604E-01
 3.0506952730037705E+15      2.7434164346677670E-01      5.7746538721826237E-19      2.4373918680401893E-11      1.8141458911442471E-01
 3.1667588176888535E+15      2.6787436317769409E-01      5.6384771354422763E-19      2.3032834554001283E-11      1.8303140918771532E-01
 3.3061115753202790E+15      2.6050121302511597E-01      5.4832288797365942E-19      2.1564970204592857E-11      1.8487469672697690E-01
 3.4454643329517050E+15      2.5352318186788142E-01      5.3363028691033593E-19      2.0234020437346101E-11      1.8661920451729908E-01
 3.5848170905831310E+15      2.4690930308354825E-01      5.1970466623995819E-19      1.9023362848097747E-11      1.8827267421430485E-01
 3.7241698482145570E+15      2.4063177244198522E-01      5.0648744674501101E-19      1.7918838984900564E-11      1.8984205687553776E-01
 3.8635226058459830E+15      2.3466556939238348E-01      4.9392591567463154E-19      1.6908328840726407E-11      1.9133360763870910E-01
 4.0197705001319130E+15      2.2831834219056782E-01      4.8056236579032621E-19      1.5874251261935033E-11      1.9292041443995250E-01
 4.1760183944178430E+15      2.2230543826788632E-01      4.6790290286766951E-19      1.4932679363109434E-11      1.9442364042134225E-01
 4.3322662887037730E+15      2.1660114348673895E-01      4.5589335793682651E-19      1.4072852932169361E-11      1.9584971411728647E-01
 4.4885141829897030E+15      2.1118230925103393E-01      4.4448496800724229E-19      1.3285537562974248E-11      1.9720442267681507E-01
 4.6847065636994190E+15      2.0475052381095768E-01      4.3094419245320919E-19      1.2387507293099248E-11      1.9881236903752172E-01
 4.8808989444091350E+15      1.9869903200676539E-01      4.1820424624914855E-19      1.1577902100100208E-11      2.0032524198919027E-01
 5.0770913251188510E+15      1.9299503468037282E-01      4.0619604354501795E-19      1.0845436841142339E-11      2.0175124132135028E-01
 5.2732837058285670E+15      1.8760940753752317E-01      3.9485824077962429E-19      1.0180578042731221E-11      2.0309764810757316E-01
 5.4694760865382830E+15      1.8251622045811419E-01      3.8413622367889344E-19      9.5752287199439880E-12      2.0437094487789056E-01
 5.6779539259680820E+15      1.7739864508533823E-01      3.7336300404634466E-19      8.9894639606468681E-12      2.0565033872153510E-01
 5.8864317653978810E+15      1.7256021761893819E-01      3.6317755830110535E-19      8.4560001236773717E-12      2.0685994558854581E-01
 6.0949096048276800E+15      1.6797872996746546E-01      3.5353311513871661E-19      7.9687776990603888E-12      2.0800531750178947E-01
 6.3033874442574790E+15      1.6363426062385028E-01      3.4438771991994380E-19      7.5225911273429398E-12      2.0909143483803741E-01
 6.5568067636315740E+15      1.5864671557943233E-01      3.3388873158917676E-19      7.0290446737093567E-12      2.1033832109952300E-01
 6.8102260830056690E+15      1.5395428997643812E-01      3.2401110264980364E-19      6.5826347629866400E-12      2.1151142750061663E-01
 7.0636454023797640E+15      1.4953150887159863E-01      3.1470118677273399E-19      6.1775292781121623E-12      2.1261712277714007E-01
 7.3170647217538590E+15      1.4535575599046466E-01      3.0591135863766260E-19      5.8087736042132923E-12      2.1366106099770926E-01
 7.5704840411279540E+15      1.4140689936629311E-01      2.9759922527823889E-19      5.4721377897796412E-12      2.1464827515401327E-01
 7.8487654904923860E+15      1.3731061835362188E-01      2.8897685904459923E-19      5.1351696700481112E-12      2.1567234540744279E-01
 8.1270469398568180E+15      1.3344496392268809E-01      2.8084002641821568E-19      4.8284433365690529E-12      2.1663875901541474E-01
 8.4053283892212500E+15      1.2979101413386251E-01      2.7314888486501520E-19      4.5484415934537161E-12      2.1755224646283911E-01
 8.6836098385856820E+15      1.2633185588705972E-01      2.6586782239945410E-19      4.2921442778369282E-12      2.1841703602473958E-01
 9.0283552429803960E+15      1.2229410971311840E-01      2.5736899072568704E-19      4.0036392522737447E-12      2.1942647256845010E-01
 9.3731006473751100E+15      1.1850653519665695E-01      2.4939681054214475E-19      3.7433145512242656E-12      2.2037336619776901E-01
 9.7178460517698240E+15      1.1494654948030818E-01      2.4190373443023665E-19      3.5076097182564170E-12      2.2126336262704077E-01
 1.0062591456164538E+16      1.1159421584803657E-01      2.3484778710479715E-19      3.2935105496992856E-12      2.2210144603527660E-01
 1.0407336860559252E+16      1.0843188271028764E-01      2.2819180508151215E-19      3.0984523157180841E-12      2.2289202931986704E-01
 1.0777532382746362E+16      1.0522974361601860E-01      2.2145209489355396E-19      2.9076966451746406E-12      2.2369256409358437E-01
 1.1147727904933472E+16      1.0221128902813818E-01      2.1509904505645531E-19      2.7340443806054694E-12      2.2444717774069134E-01
 1.1517923427120582E+16      9.9361174488549045E-02      2.0910035104686988E-19      2.5755096872467895E-12      2.2515970637571375E-01
 1.1888118949307692E+16      9.6665712214080643E-02      2.0342719655371947E-19      2.4303866398133550E-12      2.2583357194444562E-01
 1.2340414737776104E+16      9.3564631208809729E-02      1.9690038185571125E-19      2.2691533361846271E-12      2.2660884219589106E-01
 1.2792710526244516E+16      9.0656379739121509E-02      1.9077946006032235E-19      2.1234615619042894E-12      2.2733590506342877E-01
 1.3245006314712928E+16      8.7923489067890478E-02      1.8502765660795703E-19      1.9913736345285228E-12      2.2801912773134159E-01
 1.3697302103181340E+16      8.5350545190573598E-02      1.7961252294819745E-19      1.8712452659668168E-12      2.2866236370076651E-01
 1.4149597891649752E+16      8.2923907508500205E-02      1.7450534416488911E-19      1.7616743002179907E-12      2.2926902312137235E-01
 1.4642213289057556E+16      8.0433198206921880E-02      1.6926335078547459E-19      1.6529415917135893E-12      2.2989170044685392E-01
 1.5134828686465360E+16      7.8087731314359810E-02      1.6432706746150628E-19      1.5539779585015225E-12      2.3047806717007380E-01
 1.5627444083873164E+16      7.5875178474411886E-02      1.5967054264816161E-19      1.4636473407001354E-12      2.3103120538013336E-01
 1.6120059481280968E+16      7.3784563565528594E-02      1.5527067156300065E-19      1.3809740029466603E-12      2.3155385910742077E-01
 1.6726948069007086E+16      7.1362212422272545E-02      1.5017266335036605E-19      1.2884139877266916E-12      2.3215944689330953E-01
 1.7333836656733204E+16      6.9093893688002006E-02      1.4539885546255064E-19      1.2048622276018199E-12      2.3272652657694484E-01
 1.7940725244459322E+16      6.6965346887925853E-02      1.4091923057809102E-19      1.1291853740318020E-12      2.3325866327702530E-01
 1.8547613832185440E+16      6.4964024514109250E-02      1.3670737734507653E-19      1.0604231558602195E-12      2.3375899387053536E-01
 1.9154502419911560E+16      6.3078852796451687E-02      1.3273998673232136E-19      9.9775791639344987E-13      2.3423028680000085E-01
 1.9809462051482548E+16      6.1163365605154119E-02      1.2870881581444322E-19      9.3616484354010180E-13      2.3470915859787561E-01
 2.0464421683053536E+16      5.9360768124213800E-02      1.2491524077333318E-19      8.8010513932552207E-13      2.3515980796815672E-01
 2.1119381314624524E+16      5.7661379696079859E-02      1.2133888550541865E-19      8.2893554413926315E-13      2.3558465507523227E-01
 2.1774340946195512E+16      5.6056591737666417E-02      1.1796163060008100E-19      7.8210351255828057E-13      2.3598585206487427E-01
 2.2609736814048436E+16      5.4134910845180399E-02      1.1391749675371968E-19      7.2791626234043578E-13      2.3646627228804065E-01
 2.3445132681901360E+16      5.2340647040881517E-02      1.1014152701047486E-19      6.7917346107740465E-13      2.3691483823915588E-01
 2.4280528549754284E+16      5.0661516495658789E-02      1.0660786697200062E-19      6.3516879551109905E-13      2.3733462087549823E-01
 2.5115924417607208E+16      4.9086769589837244E-02      1.0329389156604362E-19      5.9530704509431625E-13      2.3772830760198696E-01
 2.5951320285460132E+16      4.7606967542453325E-02      1.0017973484501712E-19      5.5908395299196159E-13      2.3809825811386337E-01
 2.6930782663931112E+16      4.5981695687913909E-02      9.6759458857660076E-20      5.2067241438697328E-13      2.3850457607753064E-01
 2.7910245042402092E+16      4.4463709204828818E-02      9.3564970453105940E-20      4.8608774600409505E-13      2.3888407269833117E-01
 2.8889707420873072E+16      4.3042740192460661E-02      9.0574659126501169E-20      4.5483825573231874E-13      2.3923931495144976E-01
 2.9869169799344052E+16      4.1709787702690314E-02      8.7769581027587941E-20      4.2650868668873006E-13      2.3957255307391656E-01
 3.1172417664109364E+16      4.0059171607352756E-02      8.4296021664873186E-20      3.9274217101244267E-13      2.3998520709777990E-01
 3.1536000000000000E+16      3.9621739480160525E-02      8.3375491169805443E-20      3.8403657512622046E-13      2.4009456512958544E-01
 3.1536000000000000E+16      3.9621739480160525E-02      8.3375491169805443E-20      3.8403657512622046E-13      2.4009456512958544E-01
